Gene	nascentRNA	PCNA	log2ratio
APEX1	615.575	209.74166666666667	1.553321150009046
APEX1	556.2147239263803	264.60122699386505	1.0718221841048778
APEX1	554.7158469945355	234.86338797814207	1.2399271063751984
APEX1	420.1730769230769	172.02884615384616	1.2883332233058369
APEX1	477.5133689839572	173.75935828877004	1.45845044473109
APEX1	405.7867298578199	206.92417061611374	0.9716195116006702
APEX1	616.6212121212121	213.2348484848485	1.531941286105802
APEX1	429.4468085106383	176.9255319148936	1.2793371928517985
APEX1	392.0655737704918	181.18032786885246	1.1136686487477225
APEX1	495.3030303030303	218.1439393939394	1.1830310550711556
APEX1	575.8086419753087	239.93827160493828	1.262926147063141
APEX1	531.0558659217877	209.64804469273744	1.340894262611302
APEX1	298.41129032258067	208.71774193548387	0.5157488794617469
APEX1	507.06802721088434	228.78231292517006	1.1482037870181991
APEX1	427.5416666666667	189.70833333333334	1.1722819731748937
APEX1	390.1709401709402	182.56410256410257	1.0957032131840305
APEX1	498.6363636363636	217.85314685314685	1.19463214398056
APEX1	516.3	266.77142857142854	0.9526054370699225
APEX1	562.2931034482758	213.43103448275863	1.3975523821041105
APEX1	500.54887218045116	194.58646616541353	1.3630995650101165
APEX1	625.5777777777778	229.76296296296297	1.4450430060973876
APEX1	439.68595041322317	232.76859504132233	0.9175770097852157
APEX1	609.5294117647059	228.21848739495798	1.417280171835522
APEX1	520.4537037037037	208.63888888888889	1.318761744535358
APEX1	490.5229357798165	202.21100917431193	1.2784590498322714
APEX1	317.1209677419355	147.80645161290323	1.1013240270997937
APEX1	475.8602941176471	215.77941176470588	1.1409808617108546
APEX1	415.3103448275862	176.74137931034483	1.2325499595742535
APEX1	411.1417322834646	184.8503937007874	1.153277701554887
APEX1	526.0993377483444	223.0728476821192	1.2378203138814585
APEX1	495.94557823129253	222.7074829931973	1.155031783906137
APEX1	519.8035714285714	221.25	1.232289091012686
APEX1	457.31868131868134	199.03846153846155	1.200152614611337
APEX1	527.5714285714286	201.27380952380952	1.390206979598701
APEX1	471.09375	228.1953125	1.0457450352536015
APEX1	493.38	205.30666666666667	1.2649187596794222
APEX1	592.2763819095477	223.02010050251258	1.4090968130350439
APEX1	588.3008849557522	227.15929203539824	1.372849885857675
APEX1	539.1675977653631	194.1340782122905	1.4736804074568108
APEX1	293.72868217054264	210.96899224806202	0.47745317915978985
APEX1	374.87333333333333	191.65333333333334	0.967904112513044
APEX1	409.4375	170.015625	1.267975902593671
APEX1	592.4814814814815	201.98765432098764	1.5525029452724777
APEX1	273.97058823529414	165.66666666666666	0.7257376717375308
APEX1	670.0785714285714	226.81428571428572	1.5628187615146865
APEX1	379.8828125	164.296875	1.2092494000291372
APEX1	394.6666666666667	194.73529411764707	1.019120291157363
APEX1	317.8423913043478	188.02173913043478	0.7574120763889893
APEX1	469.9568345323741	212.4748201438849	1.1452363703213002
APEX1	432.14	172.32	1.3264086217110909
APEX1	421.3119266055046	177.76146788990826	1.2449461215148394
APEX1	502.344	216.976	1.2111401722061295
APEX1	478.6475409836066	172.86885245901638	1.469285750274748
APEX1	652.0366972477065	242.89908256880733	1.4245961220784953
APEX1	392.3893805309734	169.32743362831857	1.2124702667812524
APEX1	577.2519083969465	217.16030534351145	1.4104406200448267
APEX1	488.828025477707	184.62420382165604	1.4047353006015426
APEX1	435.19083969465646	165.94656488549617	1.3909294239494765
APEX1	523.0288461538462	188.16346153846155	1.4749040103793132
APEX1	500.4018691588785	178.77570093457945	1.4849365186669914
APEX1	546.8301886792453	199.6320754716981	1.4537493501986452
APEX1	333.28	178.89	0.8976620018953204
APEX1	520.1192660550458	218.73394495412845	1.2496653514865514
APEX1	550.4105960264901	196.49668874172184	1.486003242663695
APEX1	497.27522935779814	188.52293577981652	1.3993045152777703
APEX1	463.9465648854962	176.01526717557252	1.3982580818336654
APEX1	747.5862068965517	296.92241379310343	1.3321539491304262
APEX1	512.6818181818181	185.63636363636363	1.465584392242227
APEX1	549.2952380952381	183.82857142857142	1.579220771085268
APEX1	570.8793103448276	209.04310344827587	1.4493853293717627
APEX1	599.7172413793104	201.2896551724138	1.5750094195918045
APEX1	528.0550458715596	191.89908256880733	1.4603405135030223
APEX1	415.6587301587302	178.5873015873016	1.2187700114777202
APEX1	647.3055555555555	269.6875	1.2631582316892376
APEX1	415.13868613138686	228.87591240875912	0.8590277434173147
APEX1	545.6363636363636	214.7062937062937	1.3455753135108777
APEX1	284.52	238.20666666666668	0.25631627832175713
APEX1	395.23809523809524	169.86772486772486	1.2183102443128642
APEX1	553.25	255.39	1.1152295097595526
APEX1	440.94814814814816	192.45185185185184	1.1961114633352163
APEX1	245.1868131868132	168.1153846153846	0.5444296341850393
APEX1	406.6054421768707	171.95238095238096	1.241620432549024
APEX1	538.8666666666667	187.08666666666667	1.5262216030013556
APEX1	537.9578947368421	215.0421052631579	1.322874092051178
APEX1	468.1186440677966	181.94915254237287	1.3633388937447384
APEX1	388.0603448275862	170.93965517241378	1.182793897078932
APEX1	539.7416666666667	181.96666666666667	1.5685948675882027
APEX1	372.2542372881356	174.17796610169492	1.0957261394183875
APEX1	380.0194174757282	189.05825242718447	1.007242311797814
APEX1	489.02884615384613	238.00480769230768	1.0389288511390171
APEX1	465.8970588235294	191.36764705882354	1.283664276887347
APEX1	534.6036036036036	213.7117117117117	1.3228035904466882
APEX1	582.8297872340426	204.4468085106383	1.511349070425287
APEX1	329.3009708737864	182.06796116504853	0.8549296944765901
APEX1	548.0461538461539	264.8974358974359	1.0488635161747373
APEX1	676.2972972972973	226.7972972972973	1.576254140251817
APEX1	423.09166666666664	184.44166666666666	1.1978056627251588
APEX1	601.9769230769231	234.63846153846154	1.3592686651269612
APEX1	446.56050955414014	199.14012738853503	1.1650717175928473
APEX1	426.25210084033614	185.12605042016807	1.2031990231637035
APEX1	503.4172185430464	210.80132450331126	1.2558706305903924
APEX1	540.0	229.03623188405797	1.2373835669244453
APEX1	520.9012345679013	206.84567901234567	1.3324550362504526
APEX1	676.8503401360545	229.05442176870747	1.5631464580427388
APEX1	609.5275590551181	201.21259842519686	1.5989708133158016
APEX1	678.952	226.488	1.5838749695143486
APEX1	472.89156626506025	182.60843373493975	1.3727560149817968
APEX1	456.3818181818182	194.6	1.2297296070522157
APEX1	602.0363636363636	202.8909090909091	1.5691464060551048
APEX1	502.78625954198475	216.1908396946565	1.2176398280425893
APEX1	413.62857142857143	188.55238095238096	1.1333704750955995
APEX1	472.90909090909093	192.52727272727273	1.2965000482094924
APEX1	586.3155339805825	223.59708737864077	1.3907758848767886
APEX1	426.9407894736842	211.98684210526315	1.010061282374904
APEX1	280.8828125	195.8984375	0.5198624566016656
APEX1	294.95384615384614	164.3923076923077	0.8433464283545785
APEX1	661.8951048951049	205.3006993006993	1.6888640596635858
APEX1	623.3653846153846	215.94230769230768	1.529432118846908
APEX1	440.7809523809524	191.92380952380952	1.1995281822851833
APEX1	449.5833333333333	172.2314814814815	1.3842396827704109
APEX1	601.9020979020979	229.75524475524475	1.3894310500747786
APEX1	528.5212121212121	209.38787878787878	1.3357834463159084
APEX1	469.58181818181816	192.6090909090909	1.285700751378368
APEX1	456.92857142857144	180.87301587301587	1.3369914652152013
APEX1	664.1398601398602	230.76223776223776	1.525079929610337
APEX1	534.2923076923076	214.36923076923077	1.3175314014052875
APEX1	512.3924050632911	212.98101265822785	1.2665242721413437
APEX1	400.4818181818182	169.1818181818182	1.2431622143218022
APEX1	685.3835616438356	220.67123287671234	1.6350130210334033
APEX1	401.1592920353982	167.69911504424778	1.2583001389719803
APEX1	482.2892561983471	217.73553719008265	1.1473217792089394
APEX1	517.3581081081081	228.11486486486487	1.1814027783982803
APEX1	366.9685039370079	172.28346456692913	1.0908720040504405
APEX1	516.7515923566879	218.19108280254778	1.2438787875659285
APEX1	603.7129629629629	216.5648148148148	1.4790639111326271
APEX1	403.91818181818184	164.9090909090909	1.2923921563076244
APEX1	545.4947916666666	208.21875	1.389465433403696
APEX1	503.64935064935065	206.2077922077922	1.2883208035926936
APEX1	435.39	168.25	1.3717017673756762
APEX1	721.6258992805756	238.31654676258992	1.5983719940866445
APEX1	518.4181818181818	225.3212121212121	1.2021331791829917
APEX1	355.2878787878788	171.90151515151516	1.0474062087854008
APEX1	356.6666666666667	164.43809523809523	1.1170318250799505
APEX1	649.3877551020408	194.16326530612244	1.7418099052559557
APEX1	613.1287878787879	238.54545454545453	1.361925948050687
APEX1	422.2277227722772	182.37623762376236	1.211103538307348
APEX1	402.34	239.57	0.747967916656181
APEX1	358.8811881188119	210.52475247524754	0.7695164334360547
APEX1	500.7583333333333	226.50833333333333	1.1445503961593644
APEX1	454.56953642384104	200.89403973509934	1.178066241466629
APEX1	525.7034482758621	234.06896551724137	1.1673155334502672
APEX1	460.90277777777777	187.72916666666666	1.2958096497070668
APEX1	368.97391304347826	166.88695652173914	1.1446476178191531
APEX1	345.1357142857143	169.4	1.0267298954143262
APEX1	378.0747663551402	176.21495327102804	1.1013352096504179
APEX1	431.68932038834953	193.11165048543688	1.1605581970916286
APEX1	480.7793103448276	230.09655172413792	1.0631354498623984
APEX1	342.7142857142857	156.46031746031747	1.131209533128389
APEX1	380.3333333333333	159.47407407407408	1.253942483714537
APEX1	370.0143884892086	188.98561151079136	0.9693049743908159
APEX1	360.85955056179773	184.5561797752809	0.9673773915027358
APEX1	442.85087719298247	178.0	1.3149437353485942
APEX1	405.83673469387753	217.38095238095238	0.9006739255859315
APEX1	403.3135593220339	171.16101694915255	1.2365477538427283
APEX1	458.3360655737705	184.50819672131146	1.3127209040424626
APEX1	654.5255474452555	200.47445255474452	1.7070311058807575
APEX1	490.8457142857143	211.2342857142857	1.2164255993805828
APEX1	446.1693548387097	167.88709677419354	1.4101000714657137
APEX1	399.2352941176471	169.80672268907563	1.2333456900956727
APEX1	373.7787610619469	165.858407079646	1.1722324525513932
APEX1	700.2634730538922	214.11377245508982	1.7095202387061819
APEX1	307.1880341880342	165.22222222222223	0.8947142794105373
APEX1	475.9083969465649	226.6946564885496	1.0699335245602175
APEX1	401.4375	220.25	0.8660333721862521
APEX1	399.77037037037036	196.45925925925926	1.0249413837581642
APEX1	469.4059405940594	176.2871287128713	1.4129089573633324
APEX1	501.48026315789474	206.96052631578948	1.2768372935469618
APEX1	511.1803278688525	214.9262295081967	1.2499907576350051
APEX1	321.0612244897959	171.35374149659864	0.9058707437097087
APEX1	458.59	171.43	1.419585294824104
APEX1	534.5037593984962	180.9248120300752	1.56280982235032
APEX1	454.03921568627453	178.04575163398692	1.3505688976497077
APEX1	428.2105263157895	155.9561403508772	1.457179904596796
APEX1	463.46527777777777	212.5	1.1249984167930556
APEX1	349.22340425531917	167.24468085106383	1.062189921480238
APEX1	505.4313725490196	177.64705882352942	1.5085014131652887
APEX1	465.5947712418301	177.4967320261438	1.3912823937316625
APEX1	392.17692307692306	181.36153846153846	1.1126361109164797
APEX1	523.8145161290323	210.53225806451613	1.3150147386063393
APEX1	750.9032258064516	233.34677419354838	1.686151465940784
APEX1	427.39639639639637	180.26126126126127	1.2454853537650634
APEX1	nan	nan	nan
APEX1	nan	nan	nan
APEX1	nan	nan	nan
APEX1	nan	nan	nan
APEX1	nan	nan	nan
APEX1	nan	nan	nan
APEX1	nan	nan	nan
APEX1	nan	nan	nan
APEX1	nan	nan	nan
APEX1	nan	nan	nan
APEX1	nan	nan	nan
APEX1	nan	nan	nan
APEX1	nan	nan	nan
APEX1	nan	nan	nan
APEX1	nan	nan	nan
APEX1	nan	nan	nan
APEX1	nan	nan	nan
APEX1	nan	nan	nan
APEX1	nan	nan	nan
APEX1	nan	nan	nan
APEX1	nan	nan	nan
APEX1	nan	nan	nan
APEX1	nan	nan	nan
APEX1	nan	nan	nan
APEX1	nan	nan	nan
APEX1	nan	nan	nan
APEX1	nan	nan	nan
APEX1	nan	nan	nan
APEX1	nan	nan	nan
APEX1	nan	nan	nan
APEX1	nan	nan	nan
APEX1	nan	nan	nan
APEX1	nan	nan	nan
APEX1	nan	nan	nan
APEX1	nan	nan	nan
APEX1	nan	nan	nan
APEX1	nan	nan	nan
APEX1	nan	nan	nan
APEX1	nan	nan	nan
APEX1	nan	nan	nan
APEX1	nan	nan	nan
APEX1	nan	nan	nan
APEX1	nan	nan	nan
APEX1	nan	nan	nan
APEX1	nan	nan	nan
APEX1	nan	nan	nan
APEX1	nan	nan	nan
APEX1	nan	nan	nan
APEX1	nan	nan	nan
APEX1	nan	nan	nan
APEX1	nan	nan	nan
APEX1	nan	nan	nan
APEX1	677.1360544217687	224.4625850340136	1.5929707515753075
APEX1	540.890625	193.2109375	1.4851601259874645
APEX1	498.1666666666667	211.5873015873016	1.2353754444805192
APEX1	531.2704918032787	186.98360655737704	1.506534793828544
APEX1	305.3611111111111	159.22222222222223	0.9394746381349295
APEX1	560.7327586206897	171.7844827586207	1.7067136319409233
APEX1	482.3103448275862	177.5977011494253	1.4413488467051383
APEX1	552.5986842105264	191.13815789473685	1.5316163072536577
APEX1	554.7482517482517	211.4265734265734	1.3916765007354128
APEX1	411.69607843137254	165.98039215686273	1.310566885444704
APEX1	519.1208053691275	182.18791946308724	1.5106430094191994
APEX1	565.12	200.56	1.4945233468145267
APEX1	306.88235294117646	159.69607843137254	0.9423568012859468
APEX1	506.4634146341463	171.4878048780488	1.5623520721686563
APEX1	382.3192771084337	163.89156626506025	1.2220363284816778
APEX1	428.025	175.88333333333333	1.2830762839191518
APEX1	357.51612903225805	185.7016129032258	0.9450219835111552
APEX1	342.640625	164.36458333333334	1.0597967479520052
APEX1	318.3805309734513	160.39823008849558	0.989093895031311
APEX1	578.1459854014598	203.32116788321167	1.5076734052494942
APEX1	504.37931034482756	199.32758620689654	1.339367709786743
APEX1	511.52777777777777	200.35555555555555	1.3522500715022416
APEX1	374.94642857142856	160.77678571428572	1.2216253683150606
APEX1	549.9635036496351	218.20437956204378	1.3336558243802141
APEX1	467.624	179.384	1.382297759553941
APEX1	482.76335877862596	190.25954198473283	1.3433473709875938
APEX1	530.1666666666666	197.68965517241378	1.4232085872473166
APEX1	423.7543859649123	177.1140350877193	1.258549760153641
APEX1	499.79	176.01	1.5056646378457745
APEX1	455.00840336134456	176.8235294117647	1.363582927201981
APEX1	502.21238938053096	200.31858407079645	1.3260013498702345
APEX1	414.6060606060606	166.3409090909091	1.3175981837417476
APEX1	427.59016393442624	172.172131147541	1.3123770283845324
APEX1	570.1897810218978	198.27007299270073	1.523975250714889
APEX1	554.9127516778524	222.9731543624161	1.315390933682547
APEX1	458.621359223301	171.93203883495147	1.4154651364391904
APEX1	583.008	235.464	1.3080091765238973
APEX1	444.33620689655174	174.7155172413793	1.3466439587285295
APEX1	516.651376146789	194.93577981651376	1.406192196321488
APEX1	380.0729927007299	200.5985401459854	0.9219654067538366
APEX1	533.1603773584906	215.3679245283019	1.3077661678475583
APEX1	483.2268907563025	167.80672268907563	1.5259002261041779
APEX1	523.021897810219	202.79562043795622	1.3668448539757634
APEX1	548.8445945945946	212.5810810810811	1.3683844996641434
APEX1	520.3951612903226	212.31451612903226	1.293404534794052
APEX1	469.4173913043478	192.0608695652174	1.2893076782215278
APEX1	376.4485981308411	192.30841121495328	0.9690310218422342
APEX1	573.3230769230769	211.40769230769232	1.439320478600294
APEX1	413.62307692307695	185.07692307692307	1.1601916597042943
APEX1	456.37301587301585	181.33333333333334	1.3315693406594498
APEX1	494.06	202.2	1.2889032600469512
APEX1	556.0620689655173	210.5448275862069	1.4011184954413758
APEX1	461.2280701754386	243.06140350877192	0.9241594961338698
APEX1	365.2155172413793	186.36206896551724	0.9706398114653096
APEX1	444.8457711442786	212.726368159204	1.0643063663585006
APEX1	485.2457627118644	210.03389830508473	1.2080934253647195
APEX1	542.5281690140845	206.76760563380282	1.391687871029894
APEX1	522.7837837837837	207.51351351351352	1.3330091014652075
APEX1	513.7428571428571	193.40952380952382	1.4093875930408926
APEX1	602.7372262773723	196.34306569343065	1.6181525245117059
APEX1	436.7903225806452	194.6451612903226	1.166094411628947
APEX1	551.7	203.86363636363637	1.4362795190764053
APEX1	515.5214285714286	194.25714285714287	1.4080647493745233
APEX1	419.3453237410072	177.89928057553956	1.2370780918224096
APEX1	480.59574468085106	199.12765957446808	1.2711302438303325
APEX1	441.0647482014389	235.0935251798561	0.9077556530198047
APEX1	475.76	185.184	1.3612745264933066
APEX1	520.0733944954128	183.40366972477065	1.5036927294539733
APEX1	576.469696969697	213.63636363636363	1.4320875393109913
APEX1	411.31451612903226	177.61290322580646	1.211505593956277
APEX1	494.9142857142857	207.67142857142858	1.2528759423403677
APEX1	631.2025316455696	207.58860759493672	1.6043757206008633
APEX1	429.3225806451613	207.20967741935485	1.0509706712309004
APEX1	676.0817610062893	246.64150943396226	1.4547821035659572
APEX1	316.6751592356688	182.38853503184714	0.795988658974935
APEX1	530.540404040404	205.14141414141415	1.3708438519148363
APEX1	384.8828828828829	173.82882882882882	1.1467521434679753
APEX1	456.53333333333336	183.125	1.317891441483018
APEX1	365.4622641509434	187.97169811320754	0.9592069887945618
APEX1	521.520325203252	212.97560975609755	1.292035259373378
APEX1	599.2142857142857	230.34285714285716	1.3792891579981785
APEX1	508.05309734513276	188.90265486725664	1.4273363052397356
APEX1	568.3782051282051	194.19871794871796	1.5493175579831884
APEX1	408.54700854700855	177.01709401709402	1.2066134045698043
APEX1	411.7846153846154	175.01538461538462	1.2344081838753156
APEX1	413.9714285714286	168.78095238095239	1.294379100203225
APEX1	468.4171779141104	203.19018404907976	1.2049632753085404
APEX1	502.40384615384613	182.72115384615384	1.4592038426653131
APEX1	551.3148148148148	239.27777777777777	1.2041899527203528
APEX1	491.6106870229008	182.12977099236642	1.4325495135027513
APEX1	380.26666666666665	172.15833333333333	1.1432754647319885
APEX1	421.29661016949154	172.33050847457628	1.2896581765425932
APEX1	349.3435114503817	162.98473282442748	1.0999095145096955
APEX1	397.56779661016947	181.1949152542373	1.1336584312755427
APEX1	748.8181818181819	218.43636363636364	1.7774024197429388
APEX1	378.31007751937983	160.24806201550388	1.2392622982780415
APEX1	339.7079646017699	166.61061946902655	1.027814684740913
APEX1	548.4950495049505	191.35643564356437	1.5192161773846318
APEX1	523.8205128205128	200.07051282051282	1.38856400391906
APEX1	359.1437125748503	182.92215568862275	0.97333143276528
APEX1	369.6302521008403	168.2268907563025	1.13567450168954
APEX1	525.9936305732484	195.19108280254778	1.4301581838877637
APEX1	519.8150684931506	196.03424657534248	1.4068927448104531
APEX1	358.0078125	159.859375	1.1631877166660318
APEX1	594.0878378378378	204.0608108108108	1.5416771097321573
APEX1	621.6583333333333	210.125	1.5648740659800418
APEX1	363.83916083916085	159.30769230769232	1.1914849016013804
APEX1	557.8962264150944	179.0	1.640037205605291
APEX1	408.3695652173913	174.40579710144928	1.2274273548204355
APEX1	365.46153846153845	160.29807692307693	1.1889624657391988
APEX1	502.75206611570246	175.900826446281	1.5150848443253881
APEX1	388.5839416058394	176.1970802919708	1.1410362641809475
APEX1	527.5414847161572	193.13973799126637	1.4496395231590027
APEX1	378.1136363636364	157.93939393939394	1.259448820462638
APEX1	566.433628318584	193.24778761061947	1.5514550210039117
APEX1	463.15942028985506	171.30434782608697	1.4349470886338347
APEX1	574.4444444444445	197.47058823529412	1.540529583312774
APEX1	397.8811881188119	167.21782178217822	1.2506090742896834
APEX1	501.9009900990099	183.25742574257427	1.4535311333609409
APEX1	424.4539877300613	184.79754601226995	1.199662570300916
APEX1	437.9430894308943	169.130081300813	1.3726101254191332
APEX1	514.453781512605	191.25210084033614	1.427565875917047
APEX1	386.9925925925926	163.65925925925927	1.2416107248246429
APEX1	456.9793103448276	180.2344827586207	1.342253792651694
APEX1	428.81081081081084	171.13513513513513	1.325205293512127
APEX1	392.0621761658031	175.21761658031087	1.1619346334572322
APEX1	495.13084112149534	178.05607476635515	1.4754781586989922
APEX1	452.74074074074076	174.97222222222223	1.3715592314292548
APEX1	530.6796116504854	188.10679611650485	1.4962891494742447
APEX1	433.9318181818182	171.25757575757575	1.3413005674780973
APEX1	405.69483568075117	186.00469483568074	1.1250559017647601
APEX1	515.2038834951456	189.8252427184466	1.4404716153550818
APEX1	563.1860465116279	188.12403100775194	1.5819274393940836
APEX1	468.1454545454545	181.5818181818182	1.3663370976482911
APEX1	449.69827586206895	172.95689655172413	1.3785448112909573
APEX1	432.6949152542373	181.9406779661017	1.2498820330690927
APEX1	442.77966101694915	185.909604519774	1.2519876486304358
APEX1	534.3904761904762	188.63333333333333	1.5023096598938686
APEX1	592.4581497797357	306.74449339207047	0.9496758029397548
APEX1	478.1132075471698	200.45283018867926	1.2540894726812468
APEX1	497.66346153846155	193.19230769230768	1.365132816447704
APEX1	386.43518518518516	175.58333333333334	1.1380705501927761
APEX1	553.495238095238	182.33333333333334	1.6019925727753053
APEX1	578.8595041322315	206.07438016528926	1.4900480764978303
APEX1	462.74285714285713	188.15238095238095	1.2983091750191695
APEX1	580.2173913043479	199.8521739130435	1.53766027328682
APEX1	539.9030303030303	205.61818181818182	1.3927324735007207
APEX1	407.0873786407767	181.93203883495147	1.16193886403537
APEX1	552.6917808219179	197.7123287671233	1.4830723219876096
APEX1	459.12931034482756	176.31034482758622	1.3807834093790212
APEX1	475.8320610687023	178.05343511450383	1.4181422130130574
APEX1	500.79527559055117	185.71653543307087	1.4311186796197901
APEX1	482.12295081967216	196.4262295081967	1.2954135181134687
APEX1	480.2056074766355	200.09345794392524	1.2629782512674559
APEX1	468.25	166.41964285714286	1.4924532666378252
APEX1	494.8135593220339	192.72881355932202	1.3603127597000393
APEX1	536.4705882352941	209.5359477124183	1.3563013059996452
APEX1	387.4070796460177	167.75221238938053	1.2075185251780727
APEX1	576.013698630137	298.54794520547944	0.9481404827149936
APEX1	456.05645161290323	159.25	1.5179190427444487
APEX1	481.0263157894737	176.71929824561403	1.4446562276617196
APEX1	426.776	153.64	1.4739251786555754
APEX1	782.5905511811023	218.35433070866142	1.8415865466257446
APEX1	412.6577540106952	173.05347593582889	1.2537278298381829
APEX1	512.9019607843137	180.62745098039215	1.5056659225901072
APEX1	362.9904761904762	168.63809523809525	1.1060012196295803
APEX1	463.9921875	168.921875	1.4577443481060794
APEX1	632.18	251.45333333333335	1.3300447157585316
APEX1	421.76666666666665	159.70833333333334	1.4010054873338909
APEX1	688.5548387096774	215.21290322580646	1.6778069816016798
APEX1	689.5546218487395	207.8403361344538	1.7301891676683148
APEX1	428.88034188034186	160.98290598290598	1.4136676867759235
APEX1	633.8783783783783	233.14864864864865	1.4429559907300549
APEX1	437.86821705426354	160.04651162790697	1.4520055023847174
APEX1	470.0314960629921	211.28346456692913	1.15357756900971
APEX1	520.4601769911504	177.10619469026548	1.5551731054422104
APEX1	434.99212598425197	218.9291338582677	0.9905253331951849
APEX1	456.5	176.29090909090908	1.3726567800359308
APEX1	592.1520467836257	240.42690058479533	1.300369340448542
APEX1	434.3937007874016	166.03937007874015	1.3874778187836505
APEX1	479.81081081081084	227.06306306306305	1.079372625751102
APEX1	647.6666666666666	218.73504273504273	1.566067127331919
APEX1	464.9626168224299	181.47663551401868	1.357330909428381
APEX1	477.71311475409834	198.91803278688525	1.2639704152543008
APEX1	493.1909090909091	206.8181818181818	1.25378318545766
APEX1	547.3412698412699	186.81746031746033	1.5508113422793173
APEX1	725.4254385964912	290.7456140350877	1.3190699089124893
APEX1	400.1502590673575	173.65284974093265	1.204335756912291
APEX1	459.0943396226415	178.33018867924528	1.364239693835985
APEX1	578.1794871794872	196.74358974358975	1.5552007944416926
APEX1	nan	nan	nan
APEX1	nan	nan	nan
APEX1	nan	nan	nan
APEX1	nan	nan	nan
APEX1	nan	nan	nan
APEX1	nan	nan	nan
APEX1	nan	nan	nan
APEX1	nan	nan	nan
APEX1	nan	nan	nan
APEX1	nan	nan	nan
APEX1	nan	nan	nan
APEX1	nan	nan	nan
APEX1	nan	nan	nan
APEX1	nan	nan	nan
APEX1	nan	nan	nan
APEX1	nan	nan	nan
APEX1	nan	nan	nan
APEX1	nan	nan	nan
APEX1	nan	nan	nan
APEX1	nan	nan	nan
APEX1	nan	nan	nan
APEX1	nan	nan	nan
APEX1	nan	nan	nan
APEX1	nan	nan	nan
APEX1	nan	nan	nan
APEX1	nan	nan	nan
APEX1	nan	nan	nan
APEX1	nan	nan	nan
APEX1	nan	nan	nan
APEX1	nan	nan	nan
APEX1	nan	nan	nan
APEX1	nan	nan	nan
APEX1	nan	nan	nan
APEX1	nan	nan	nan
APEX1	nan	nan	nan
APEX1	nan	nan	nan
APEX1	nan	nan	nan
APEX1	nan	nan	nan
APEX1	nan	nan	nan
APEX1	nan	nan	nan
APEX1	nan	nan	nan
APEX1	nan	nan	nan
APEX1	nan	nan	nan
APEX1	nan	nan	nan
APEX1	nan	nan	nan
APEX1	nan	nan	nan
APEX1	nan	nan	nan
APEX1	nan	nan	nan
APEX1	nan	nan	nan
APEX1	nan	nan	nan
APEX1	nan	nan	nan
APEX1	nan	nan	nan
APEX1	nan	nan	nan
PIM2	372.35	270.1111111111111	0.4631063707385154
PIM2	579.3675213675214	412.61538461538464	0.48968119717238
PIM2	381.96268656716416	257.05970149253733	0.5713282494021178
PIM2	321.05454545454546	221.56363636363636	0.535097302644242
PIM2	495.7891156462585	359.9387755102041	0.46197507003932486
PIM2	370.37404580152673	208.6946564885496	0.827589342800539
PIM2	335.455	273.245	0.2959241505614514
PIM2	379.9495798319328	260.8067226890756	0.5428269246626263
PIM2	401.682119205298	281.50331125827813	0.5129023490546105
PIM2	384.05056179775283	285.02247191011236	0.43022059046618644
PIM2	378.2105263157895	335.5986842105263	0.17245245740263115
PIM2	394.9767441860465	255.04651162790697	0.6310073428698847
PIM2	409.47286821705427	277.7906976744186	0.559769572802863
PIM2	355.79545454545456	238.24242424242425	0.5786177403230944
PIM2	370.5042016806723	208.7731092436975	0.8275540040564036
PIM2	475.4609929078014	304.2482269503546	0.6440781309594316
PIM2	329.2416666666667	254.93333333333334	0.3690269027413196
PIM2	361.89908256880733	200.90825688073394	0.8490505935810293
PIM2	486.29801324503313	328.50331125827813	0.5659327847593139
PIM2	542.3333333333334	317.75308641975306	0.7712737065999256
PIM2	443.44827586206895	379.15862068965515	0.225964312378671
PIM2	322.5785714285714	319.97857142857146	0.011675312055019588
PIM2	316.18461538461537	234.8153846153846	0.42924023817603413
PIM2	359.5060975609756	330.4817073170732	0.12144582183406379
PIM2	344.5882352941176	240.94117647058823	0.5161924778793668
PIM2	329.45185185185187	234.17037037037036	0.49250909332985976
PIM2	581.5169491525423	355.83898305084745	0.708596671630598
PIM2	576.8136645962733	292.8198757763975	0.9780918591680807
PIM2	303.31538461538463	232.13846153846154	0.38583310208430077
PIM2	464.0451612903226	296.8	0.6447741245990113
PIM2	568.7118644067797	249.42372881355934	1.189099180119077
PIM2	434.4742857142857	321.66857142857145	0.43369580929892637
PIM2	392.49242424242425	392.280303030303	0.0007799104571610684
PIM2	329.5284552845528	237.97560975609755	0.4695893309833621
PIM2	482.49162011173183	280.6145251396648	0.7819141984289364
PIM2	366.16129032258067	261.98387096774195	0.48300128599734715
PIM2	381.0070921985816	251.68794326241135	0.5981817448078128
PIM2	440.70068027210885	328.16326530612247	0.42538537140618043
PIM2	452.24	317.33714285714285	0.5110722101296633
PIM2	518.1078431372549	281.8186274509804	0.8784854502793089
PIM2	580.2138364779875	288.74213836477986	1.0068030336491007
PIM2	339.49612403100775	226.6046511627907	0.5832176301327973
PIM2	387.5031055900621	298.2919254658385	0.3774829471622302
PIM2	363.3015873015873	230.97619047619048	0.6534235258587026
PIM2	313.34722222222223	312.4791666666667	0.0040021970009116396
PIM2	407.44628099173553	231.54545454545453	0.8153144265354505
PIM2	379.0174418604651	421.63953488372096	-0.1537459063520271
PIM2	396.1085271317829	258.1937984496124	0.6174414098448622
PIM2	408.02985074626866	218.53731343283582	0.9007950721253953
PIM2	390.990990990991	247.21621621621622	0.6613619857671432
PIM2	382.8157894736842	256.36842105263156	0.5784317712770382
PIM2	306.75925925925924	269.9259259259259	0.18454333916632615
PIM2	476.0973451327434	241.44247787610618	0.9795770668539263
PIM2	370.3333333333333	220.9922480620155	0.7448286470621833
PIM2	393.280701754386	238.8684210526316	0.7193432562710729
PIM2	436.64331210191085	230.04458598726114	0.9245417395886667
PIM2	451.2025316455696	289.9177215189873	0.6381316402423134
PIM2	449.41964285714283	239.49107142857142	0.9080913107828188
PIM2	360.83756345177665	225.89340101522842	0.6757074058636217
PIM2	357.2279411764706	278.49264705882354	0.3592056905501965
PIM2	396.23926380368096	321.159509202454	0.303081831827186
PIM2	573.4036144578313	315.3855421686747	0.8624344727050351
PIM2	644.1808510638298	484.86170212765956	0.40989247198853807
PIM2	370.6644736842105	223.08552631578948	0.7325169315160551
PIM2	379.6046511627907	220.3875968992248	0.784454635937273
PIM2	386.41284403669727	269.8348623853211	0.518066293899462
PIM2	358.44444444444446	226.34074074074073	0.6632532426298386
PIM2	404.55555555555554	244.76023391812865	0.7249686511533037
PIM2	399.192	263.256	0.600616395846678
PIM2	420.28846153846155	371.5	0.1780176389933427
PIM2	374.4776119402985	274.75373134328356	0.44674039597270826
PIM2	399.56349206349205	328.3888888888889	0.28301945672138057
PIM2	526.4294117647058	522.1	0.011913936431601019
PIM2	592.7237569060774	491.0110497237569	0.2716043918437962
PIM2	386.66896551724136	258.4	0.581492906721177
PIM2	479.54615384615386	362.7769230769231	0.4025869876515365
PIM2	563.3924731182796	404.3333333333333	0.47859514491805316
PIM2	462.6083916083916	334.65734265734267	0.4671067677969839
PIM2	438.4102564102564	361.5213675213675	0.27820063050074934
PIM2	517.0555555555555	432.25694444444446	0.2584301589526099
PIM2	365.608	234.704	0.6394552093181689
PIM2	613.175925925926	541.3333333333334	0.17978382935978535
PIM2	451.97058823529414	328.33088235294116	0.4610784388097427
PIM2	506.4	482.2918918918919	0.07037084850365327
PIM2	397.6666666666667	267.3333333333333	0.5729199012403079
PIM2	508.71724137931034	381.2	0.416315871416045
PIM2	516.8630952380952	426.63690476190476	0.2767734290168201
PIM2	387.77941176470586	267.49264705882354	0.5357369742794899
PIM2	328.22935779816515	234.78899082568807	0.48333952094214006
PIM2	673.3941605839416	385.4744525547445	0.8048159624978218
PIM2	381.1732283464567	234.71653543307087	0.699527314127099
PIM2	593.37106918239	334.6163522012579	0.8264266380273452
PIM2	565.1972789115646	332.53061224489795	0.7652673610080825
PIM2	441.6463414634146	408.4329268292683	0.11279238312942141
PIM2	357.3422459893048	237.7058823529412	0.5881288782481356
PIM2	467.3863636363636	255.63636363636363	0.8705225723152091
PIM2	371.33742331288346	311.3006134969325	0.254422297036642
PIM2	313.74285714285713	208.67857142857142	0.5883001520682095
PIM2	459.64285714285717	354.77272727272725	0.3736182128224863
PIM2	309.1981981981982	241.75675675675674	0.3549757006828629
PIM2	366.81954887218046	252.8421052631579	0.5368337938759192
PIM2	578.4806201550388	406.51937984496124	0.5089444970066086
PIM2	462.94827586206895	400.7988505747126	0.20797264238956942
PIM2	639.1016949152543	351.03389830508473	0.864435159402596
PIM2	441.82300884955754	272.82300884955754	0.6955032311087552
PIM2	417.8521739130435	253.6086956521739	0.7203884286478968
PIM2	419.22627737226276	275.46715328467155	0.6058488467286128
PIM2	443.2690058479532	433.7719298245614	0.03124579364916992
PIM2	378.1027397260274	244.67123287671234	0.6279338160164576
PIM2	421.47457627118644	239.66949152542372	0.8143993347838508
PIM2	411.1223021582734	276.3525179856115	0.5730578782002621
PIM2	458.6909090909091	260.6	0.8156852306657109
PIM2	406.7588652482269	262.50354609929076	0.6318368776198336
PIM2	370.5754189944134	413.10614525139664	-0.1567453337777471
PIM2	311.14285714285717	246.65413533834587	0.33508765150388065
PIM2	378.19565217391306	398.3369565217391	-0.07485655705796572
PIM2	393.32575757575756	233.00757575757575	0.755347804725113
PIM2	386.63513513513516	324.0337837837838	0.2548285107443777
PIM2	463.75	258.5285714285714	0.8430235521390359
PIM2	387.1142857142857	217.82142857142858	0.8296136597875601
PIM2	404.3492063492063	246.28571428571428	0.7152688325000985
PIM2	353.76258992805754	233.93525179856115	0.5966722140303685
PIM2	418.98039215686276	240.94117647058823	0.7982017599139538
PIM2	329.77272727272725	257.32575757575756	0.3578762165759791
PIM2	417.05357142857144	380.92261904761904	0.1307347556996795
PIM2	287.45454545454544	233.8272727272727	0.2978906337786566
PIM2	392.6241610738255	358.28187919463085	0.1320538769753858
PIM2	415.25735294117646	269.95588235294116	0.6212820606118957
PIM2	399.42487046632124	384.90673575129534	0.053415247889130636
PIM2	516.746835443038	458.36708860759495	0.17295418830565137
PIM2	288.20535714285717	239.24107142857142	0.26863206871927775
PIM2	414.44776119402985	241.27611940298507	0.7805051394706475
PIM2	454.2068965517241	253.80172413793105	0.8396477418962457
PIM2	405.5859375	245.6328125	0.7235043381108933
PIM2	344.7926829268293	305.0487804878049	0.1766891952311456
PIM2	262.32173913043476	214.22608695652173	0.2922031994879719
PIM2	387.8415300546448	407.6502732240437	-0.07186468653084607
PIM2	476.958041958042	285.4475524475524	0.7406366657135405
PIM2	380.609375	257.3359375	0.5646581513584722
PIM2	378.27941176470586	224.22058823529412	0.7545335039834525
PIM2	418.592	233.4	0.8427401784733114
PIM2	394.21590909090907	247.125	0.6737450334188618
PIM2	401.0081967213115	244.7377049180328	0.7123953422417509
PIM2	419.99319727891157	253.38095238095238	0.7290578848060676
PIM2	339.8229166666667	267.8541666666667	0.3433354085455167
PIM2	394.11206896551727	263.7931034482759	0.5791990824995906
PIM2	392.17699115044246	246.28318584070797	0.6711867597078
PIM2	335.3030303030303	242.9090909090909	0.46504903749316556
PIM2	403.424	260.28	0.6322324546830875
PIM2	414.05109489051097	281.62773722627736	0.5560193801877772
PIM2	430.3712121212121	256.8560606060606	0.7446214631163778
PIM2	419.8666666666667	239.56666666666666	0.8095040714140894
PIM2	491.77777777777777	395.8421052631579	0.31308146624718913
PIM2	472.16149068322983	425.7950310559006	0.14912126676842327
PIM2	415.7950819672131	297.9754098360656	0.4806794156359472
PIM2	652.6	360.63529411764705	0.8556583922213489
PIM2	416.5177304964539	266.468085106383	0.6444151584419826
PIM2	344.19736842105266	369.9342105263158	-0.10403265598981758
PIM2	519.9551282051282	326.0705128205128	0.6732031436506986
PIM2	386.45323741007195	270.41726618705036	0.5151065812076601
PIM2	564.079754601227	392.4723926380368	0.5233079828073669
PIM2	426.61654135338347	285.01503759398497	0.5819018659945816
PIM2	422.86507936507934	258.1984126984127	0.7117172944849034
PIM2	441.24	460.29333333333335	-0.06098996503887117
PIM2	397.1693548387097	280.2258064516129	0.5031644883327819
PIM2	385.327868852459	262.1803278688525	0.5555270926101081
PIM2	375.6692913385827	238.60629921259843	0.6548310586017089
PIM2	394.5652173913044	266.31159420289856	0.5671485425193641
PIM2	354.1927710843373	231.70481927710844	0.6122467161999319
PIM2	346.3284671532847	263.1678832116788	0.39615754306138673
PIM2	504.70440251572325	396.8930817610063	0.34668825630532746
PIM2	617.8662790697674	353.49418604651163	0.8056081513741453
PIM2	472.47014925373134	268.64925373134326	0.8144993520361663
PIM2	417.9477124183006	268.66013071895424	0.637540223767777
PIM2	483.384	257.76	0.9071413215618594
PIM2	330.40157480314963	242.64566929133858	0.4453694518387552
PIM2	357.4609375	247.6015625	0.5297651773770605
PIM2	423.8299319727891	265.0816326530612	0.6770487679900355
PIM2	415.7956204379562	316.978102189781	0.39149138436426634
PIM2	428.568	303.36	0.49849326259561105
PIM2	467.35897435897436	249.31623931623932	0.9065542407943653
PIM2	437.3	354.1823529411765	0.3041310165057279
PIM2	498.48366013071893	313.8627450980392	0.6674124211192975
PIM2	468.1666666666667	288.1111111111111	0.70039691899426
PIM2	448.33812949640287	456.0359712230216	-0.02456042536066234
PIM2	389.9166666666667	295.18055555555554	0.4015681330633477
PIM2	398.1240310077519	237.86046511627907	0.7431024552395599
PIM2	480.88990825688074	255.24770642201835	0.9138086532266282
PIM2	451.33846153846156	264.45384615384614	0.7711937676396384
PIM2	481.4402173913044	310.1195652173913	0.6345321158232439
PIM2	343.6434108527132	268.2248062015504	0.35746962885524997
PIM2	449.89473684210526	223.3609022556391	1.0102108150721867
PIM2	396.69375	328.84375	0.270623416984803
PIM2	355.125	241.65972222222223	0.5553498893581035
PIM2	471.990990990991	248.83783783783784	0.923553446988191
PIM2	356.06666666666666	249.98666666666668	0.5102962344089489
PIM2	455.8875	269.9375	0.7560524409920475
PIM2	471.50314465408803	437.66037735849056	0.1074556142819999
PIM2	456.16521739130434	227.98260869565217	1.0006326705080741
PIM2	480.4661654135338	402.94736842105266	0.2538434282458193
PIM2	405.51875	347.7875	0.22156254100961986
PIM2	385.86805555555554	288.7291666666667	0.4183907617550411
PIM2	442.2785714285714	377.37857142857143	0.22894283963040393
PIM2	423.0576923076923	326.5	0.37377142507411565
PIM2	443.85714285714283	350.1020408163265	0.342319942734428
PIM2	343.3783783783784	256.94594594594594	0.41833430983732733
PIM2	437.7630057803468	339.01734104046244	0.36879097085089835
PIM2	405.46527777777777	335.94444444444446	0.2713557013849958
PIM2	297.0070921985816	232.60283687943263	0.3526286890184583
PIM2	324.0	250.76119402985074	0.3696797086397907
PIM2	421.24347826086955	290.04347826086956	0.5383851703639441
PIM2	316.30833333333334	238.95833333333334	0.4045724846174697
PIM2	320.39814814814815	222.25	0.5276823901609786
PIM2	342.3893805309734	261.53097345132744	0.388656139311053
PIM2	268.92753623188406	214.31884057971016	0.3274588026625929
PIM2	440.96178343949043	327.79617834394907	0.42785459336684784
PIM2	362.3203125	251.8046875	0.5249605488532086
PIM2	491.14201183431953	376.93491124260356	0.3818248128029888
PIM2	468.515625	400.6328125	0.22581657744270908
PIM2	454.92857142857144	276.8112244897959	0.7167376004198454
PIM2	284.8951048951049	263.61538461538464	0.11199626469677844
PIM2	347.3671875	233.3203125	0.5741495711446535
PIM2	266.94166666666666	218.79166666666666	0.2869667220982197
PIM2	305.3065693430657	214.14598540145985	0.5116640013857532
PIM2	321.496	247.952	0.3747399256040196
PIM2	292.3840579710145	232.44927536231884	0.3309487231281695
PIM2	nan	nan	nan
PIM2	nan	nan	nan
PIM2	nan	nan	nan
PIM2	nan	nan	nan
PIM2	nan	nan	nan
PIM2	nan	nan	nan
PIM2	nan	nan	nan
PIM2	nan	nan	nan
PIM2	nan	nan	nan
PIM2	nan	nan	nan
PIM2	nan	nan	nan
PIM2	nan	nan	nan
PIM2	nan	nan	nan
PIM2	nan	nan	nan
PIM2	nan	nan	nan
PIM2	nan	nan	nan
PIM2	nan	nan	nan
PIM2	420.6837606837607	297.3247863247863	0.5006963902134466
PIM2	321.11504424778764	195.92920353982302	0.7127578074664824
PIM2	307.6115702479339	187.41322314049586	0.7148870211812696
PIM2	312.17934782608694	231.1141304347826	0.433769629610792
PIM2	310.05172413793105	212.6206896551724	0.5442269228512459
PIM2	393.7368421052632	304.9684210526316	0.36857185047612623
PIM2	354.31724137931036	260.9103448275862	0.44148752326796553
PIM2	423.92792792792795	241.12612612612614	0.8140310366847078
PIM2	579.1069182389937	308.69182389937106	0.9076624601105928
PIM2	434.2866666666667	314.98	0.4633874342806955
PIM2	332.9453125	208.1953125	0.6773476419099916
PIM2	356.5644171779141	235.59509202453987	0.5978532536143222
PIM2	331.75657894736844	216.0328947368421	0.6188740711189172
PIM2	377.4887640449438	209.12359550561797	0.852077852235147
PIM2	559.2685185185185	351.3888888888889	0.6704725493913705
PIM2	529.4583333333334	287.40972222222223	0.8814082884948561
PIM2	363.5078125	226.0390625	0.6854142601236006
PIM2	323.6470588235294	294.9738562091503	0.1338343004737109
PIM2	370.58235294117645	317.51176470588234	0.2229841333534478
PIM2	307.0	200.1969696969697	0.6168185187654104
PIM2	338.5	223.17241379310346	0.6009971262725913
PIM2	359.8727272727273	220.0	0.7099832489231952
PIM2	529.4242424242424	366.4166666666667	0.530939130875289
PIM2	333.725	222.0625	0.5876939821517758
PIM2	374.1619718309859	264.38732394366195	0.5010099284255883
PIM2	455.0833333333333	375.40972222222223	0.2776647379428877
PIM2	376.66494845360825	242.7164948453608	0.6340096293748396
PIM2	425.9259259259259	311.7098765432099	0.45039868122805243
PIM2	299.91603053435114	200.68702290076337	0.5796113062325784
PIM2	380.03508771929825	269.34502923976606	0.4966771847469951
PIM2	409.3841059602649	364.27152317880797	0.16844087464405721
PIM2	389.640522875817	238.96732026143792	0.7053303891076284
PIM2	397.2451612903226	212.93548387096774	0.8996132641267439
PIM2	369.6606060606061	248.53333333333333	0.5727619475237805
PIM2	511.72131147540983	310.55737704918033	0.7204984797149034
PIM2	452.08843537414964	259.5374149659864	0.8006624805565329
PIM2	336.775	222.21875	0.5998044948620904
PIM2	419.0807453416149	302.2360248447205	0.471552606453342
PIM2	574.7280701754386	375.4122807017544	0.6144036680577702
PIM2	436.6860465116279	277.38953488372096	0.6546830733070443
PIM2	389.79487179487177	346.15384615384613	0.1713017322000001
PIM2	353.49006622516555	232.98013245033113	0.6014627397410396
PIM2	495.968	559.376	-0.1735713158714551
PIM2	355.31496062992125	226.30708661417322	0.6508166729205511
PIM2	377.0149253731343	283.42537313432837	0.41165271978955664
PIM2	338.9793103448276	236.01379310344828	0.5223260449865124
PIM2	381.2937062937063	227.84615384615384	0.7428427004893303
PIM2	376.27564102564105	211.23717948717947	0.8329261133291525
PIM2	377.94166666666666	239.30833333333334	0.6592929430289951
PIM2	351.95862068965516	265.97241379310344	0.4041292034741925
PIM2	445.9117647058824	250.9191176470588	0.8295358689185128
PIM2	376.3888888888889	226.68055555555554	0.7315633965465475
PIM2	322.2074074074074	199.54814814814816	0.6912527709781694
PIM2	534.8502994011976	296.19161676646706	0.8526043404494235
PIM2	330.8540145985401	203.1897810218978	0.7033669385956596
PIM2	434.0457516339869	221.3202614379085	0.9717115883179495
PIM2	382.20512820512823	211.60897435897436	0.8529463220858647
PIM2	431.44	243.624	0.8245036752757978
PIM2	430.3430656934307	233.90510948905109	0.8795638455659386
PIM2	345.9012345679012	215.72222222222223	0.6811853622006961
PIM2	391.79375	215.90625	0.8596893767878034
PIM2	397.2987012987013	233.16883116883116	0.7688491282673626
PIM2	356.2068965517241	225.97413793103448	0.6565577789248536
PIM2	369.1842105263158	201.58552631578948	0.8729487941539219
PIM2	384.6074074074074	219.78518518518518	0.8072924053303748
PIM2	300.4153846153846	181.74615384615385	0.7250338629827325
PIM2	378.8097826086956	254.6413043478261	0.5730071362858431
PIM2	345.8486842105263	216.68421052631578	0.674546937562494
PIM2	317.244094488189	211.03149606299212	0.5881349739032545
PIM2	470.0108695652174	264.9076086956522	0.8272048397348704
PIM2	329.9672131147541	197.36885245901638	0.7414283490610458
PIM2	427.75274725274727	251.02197802197801	0.7689634368106502
PIM2	308.0504201680672	216.7310924369748	0.5072603648264158
PIM2	398.5524475524476	227.8881118881119	0.8064439220190541
PIM2	419.9619565217391	263.1141304347826	0.6745699131533472
PIM2	385.780701754386	220.8859649122807	0.8044792231907344
PIM2	301.39814814814815	212.5	0.504207711499297
PIM2	390.344	221.616	0.8166840507625932
PIM2	480.3878787878788	403.6121212121212	0.2512302473533371
PIM2	347.4429530201342	205.95302013422818	0.7544608375316707
PIM2	372.8503937007874	223.85826771653544	0.736011262879825
PIM2	343.44	211.50666666666666	0.6993549402488515
PIM2	481.14285714285717	267.55026455026456	0.8466553557757636
PIM2	477.83240223463685	260.3966480446927	0.8757938099943195
PIM2	315.91150442477874	221.16814159292036	0.5143768901462134
PIM2	353.97972972972974	215.21621621621622	0.7178799614082624
PIM2	480.22105263157897	258.2894736842105	0.8947098027908933
PIM2	337.13286713286715	204.55244755244755	0.7208464829738476
PIM2	354.9133858267717	209.0236220472441	0.763800995287576
PIM2	540.2944785276073	415.30674846625766	0.3795686237824904
PIM2	380.76	240.224	0.6645016338671796
PIM2	397.8939393939394	201.3560606060606	0.9826350279395097
PIM2	334.6029411764706	229.80882352941177	0.5420159353462655
PIM2	466.13605442176873	244.16326530612244	0.9329049447042975
PIM2	283.9837398373984	196.73170731707316	0.5295788311551948
PIM2	341.18791946308727	211.2214765100671	0.6918100336085801
PIM2	463.46315789473687	281.84736842105264	0.7175405619117872
PIM2	376.75333333333333	223.46	0.7536036683094992
PIM2	465.3407407407407	241.8740740740741	0.9440313626277788
PIM2	330.43119266055044	245.8165137614679	0.4267680453128962
PIM2	363.8167938931298	221.2824427480916	0.7173231520928923
PIM2	362.84328358208955	227.11194029850745	0.675943008229927
PIM2	361.68345323741005	216.33093525179856	0.741487612260897
PIM2	445.4635761589404	262.4834437086093	0.7630810461078458
PIM2	326.26797385620915	202.92156862745097	0.6851351628833895
PIM2	425.6388888888889	308.6388888888889	0.4637101152665949
PIM2	362.5546218487395	214.0420168067227	0.7603043375460907
PIM2	435.1837837837838	272.9837837837838	0.672809546138859
PIM2	373.6307692307692	253.8153846153846	0.557833750229974
PIM2	313.70676691729324	197.2406015037594	0.6694600920630689
PIM2	506.2097902097902	289.32167832167835	0.8070609840549797
PIM2	341.31333333333333	205.80666666666667	0.7298070581067468
PIM2	481.85853658536587	242.68780487804878	0.9895080495153236
PIM2	354.62091503267976	223.84967320261438	0.663747414771746
PIM2	345.56198347107437	240.0495867768595	0.5256120575770215
PIM2	371.1509433962264	219.59119496855345	0.7571858286947376
PIM2	410.89915966386553	262.70588235294116	0.6453358752335588
PIM2	354.469696969697	222.25	0.6734788800594499
PIM2	329.48192771084337	207.06626506024097	0.670106803791066
PIM2	454.51552795031057	290.0621118012422	0.6479677215245226
PIM2	423.55940594059405	254.95544554455446	0.7323191750912234
PIM2	359.2013888888889	202.36805555555554	0.8278113544369121
PIM2	364.9252336448598	256.3738317757009	0.5093519002772834
PIM2	391.6608695652174	212.01739130434783	0.8854223866753658
PIM2	356.09420289855075	200.66666666666666	0.8274579630075306
PIM2	391.09090909090907	218.92307692307693	0.8370799624003732
PIM2	354.0149253731343	210.7462686567164	0.7483030981107135
PIM2	319.0650406504065	214.54471544715446	0.5725721781083203
PIM2	321.7739130434783	222.34782608695653	0.5332290687634302
PIM2	426.0091743119266	241.37614678899084	0.8196013864138323
PIM2	426.5950920245399	219.50306748466258	0.9586262664711617
PIM2	326.25	205.95	0.6636837754763525
PIM2	396.91156462585036	210.21768707482994	0.9169335397119992
PIM2	415.13761467889907	238.29357798165137	0.8008495858117819
PIM2	323.0827586206897	201.04137931034484	0.6844112884856076
PIM2	362.85915492957747	218.73239436619718	0.7302427696713625
PIM2	477.78391959798995	276.08040201005025	0.7912698193008688
PIM2	324.93220338983053	241.5677966101695	0.4277105915295191
PIM2	320.94545454545454	225.12727272727273	0.5115872880328236
PIM2	403.1161290322581	216.78064516129032	0.8949595536282415
PIM2	386.8654970760234	224.78362573099415	0.7832951196799107
PIM2	417.04294478527606	273.1226993865031	0.610646729797448
PIM2	434.9019607843137	276.39869281045753	0.6539394205880041
PIM2	434.4782608695652	246.73043478260868	0.816348307103909
PIM2	486.9009009009009	245.13513513513513	0.9900508899808637
PIM2	667.4452554744526	322.26277372262774	1.05041196567865
PIM2	421.0877192982456	231.5701754385965	0.8626713444021713
PIM2	463.29936305732485	278.26751592356686	0.735472196151508
PIM2	410.4351145038168	219.90076335877862	0.9003015526998163
PIM2	476.8453608247423	270.8659793814433	0.8159422782344447
PIM2	454.3360655737705	239.6639344262295	0.9227470093866532
PIM2	565.0507246376811	349.95652173913044	0.6912046900122935
PIM2	391.32620320855614	247.74866310160428	0.6594944439762258
PIM2	553.5816993464052	333.5686274509804	0.7308126423591971
PIM2	390.5263157894737	233.14285714285714	0.7442055381506887
PIM2	489.4214285714286	288.1357142857143	0.7643287760539065
PIM2	617.0921052631579	310.9671052631579	0.9887238604626254
PIM2	381.7164179104478	235.5820895522388	0.6962713787964946
PIM2	385.89230769230767	254.6076923076923	0.5999222785754873
PIM2	364.2920353982301	253.69026548672565	0.5220272915678765
PIM2	360.11764705882354	248.07563025210084	0.5376882796813648
PIM2	420.53801169590645	306.8362573099415	0.4547672400673595
PIM2	467.7484662576687	270.81595092024537	0.788420207480367
PIM2	431.48936170212767	319.43971631205676	0.43378129458242376
PIM2	311.0359712230216	250.4820143884892	0.3123744214229962
PIM2	451.3813559322034	287.3305084745763	0.6516356450429666
PIM2	561.4906832298136	299.85093167701865	0.905016628843126
PIM2	355.13432835820896	230.23880597014926	0.6252338070428709
PIM2	350.1925925925926	229.3111111111111	0.6108423062563262
PIM2	362.0236220472441	230.8503937007874	0.6491256434399667
PIM2	310.6991869918699	264.8780487804878	0.23019017805838546
PIM2	379.3719008264463	242.28099173553719	0.646931603780252
PIM2	374.1418918918919	296.2635135135135	0.33670454912124304
PIM2	458.4469696969697	276.59090909090907	0.7290011222650015
PIM2	526.4177215189874	303.126582278481	0.7962876844312622
PIM2	292.4222222222222	228.3111111111111	0.357051878827521
PIM2	450.16339869281046	316.9019607843137	0.5064121745545441
PIM2	332.52054794520546	235.34246575342465	0.4986818266343172
PIM2	402.2	271.11724137931037	0.5689962190707589
PIM2	339.25217391304346	211.43478260869566	0.6821453299933034
PIM2	336.85185185185185	249.85185185185185	0.43104131952072205
PIM2	359.21379310344827	218.3310344827586	0.718325532207974
PIM2	373.4577464788732	266.9366197183099	0.4844477884802535
PIM2	369.62773722627736	278.3211678832117	0.4093223841823666
PIM2	311.017094017094	214.95726495726495	0.5329440052333074
PIM2	431.6095890410959	338.8767123287671	0.348966419485815
PIM2	506.8939393939394	371.65909090909093	0.44770401738584953
PIM2	369.9767441860465	260.9767441860465	0.5035133363918216
PIM2	364.59166666666664	226.0	0.6899588139804969
PIM2	328.35036496350364	248.1970802919708	0.4037499146228198
PIM2	328.6218487394958	219.83193277310923	0.5800274351405449
PIM2	606.5619834710744	713.9256198347107	-0.23511869598177357
PIM2	353.94214876033055	233.25619834710744	0.6015981550287587
PIM2	363.20175438596493	250.6578947368421	0.535051497295552
PIM2	460.780487804878	391.7967479674797	0.23397420291147333
PIM2	384.84375	309.09375	0.31622833499477987
PIM2	318.26050420168065	217.68067226890756	0.5479948139046468
PIM2	362.3985507246377	243.80434782608697	0.5718533317429162
PIM2	426.50282485875704	342.271186440678	0.3174154505302542
PIM2	332.22131147540983	205.18852459016392	0.6951945741078254
PIM2	440.60674157303373	276.69101123595505	0.6712157930107145
PIM2	565.5855855855856	277.1981981981982	1.0288274724271407
PIM2	340.1029411764706	227.0735294117647	0.5828119454805615
PIM2	282.45112781954884	207.30827067669173	0.44622358662407324
PIM2	465.5897435897436	248.98290598290598	0.9030125807614716
PIM2	327.046875	218.7734375	0.58005984611723
PIM2	286.8503401360544	232.21768707482994	0.3048203680929323
PIM2	360.5826086956522	224.70434782608694	0.6823017760121705
PIM2	482.9320987654321	298.10493827160496	0.6960000829044902
PIM2	361.73880597014926	230.5820895522388	0.6496679170552495
PIM2	405.1735537190083	243.02479338842974	0.737436505277618
PIM2	537.6802721088435	512.3333333333334	0.06966577982993506
PIM2	390.42335766423355	241.13138686131387	0.6952199153527662
PIM2	364.344	233.76	0.6402731494018578
PIM2	319.9056603773585	208.5754716981132	0.6170770114781907
PIM2	288.2281879194631	219.5771812080537	0.39248329890875905
PIM2	420.9230769230769	271.11538461538464	0.6346496248215089
PIM2	414.10833333333335	230.18333333333334	0.8472248577602605
PIM2	345.50354609929076	241.74468085106383	0.5152163716994796
PIM2	312.2992125984252	257.9685039370079	0.2757339979754409
PIM2	351.7132352941176	225.65441176470588	0.6402846410057086
PIM2	343.39639639639637	234.2072072072072	0.5520894275086193
PIM2	376.91129032258067	283.38709677419354	0.4114509406343689
PIM2	286.53968253968253	220.76190476190476	0.37624371148485947
PIM2	310.6730769230769	214.37179487179486	0.535282120897275
PIM2	359.48062015503876	237.70542635658916	0.5967391584866372
PIM2	376.4848484848485	251.1030303030303	0.5843123661438153
PIM2	485.3575757575758	364.95151515151514	0.411343200015462
PIM2	268.4157303370786	212.87078651685394	0.33449124823087595
PIM2	418.9384615384615	292.45641025641027	0.5185167285922602
PIM2	360.1875	235.64285714285714	0.6121461638793566
PIM2	385.515873015873	250.37301587301587	0.6227111789041704
PIM2	280.6462585034014	223.34013605442178	0.3295102872336869
PIM2	334.56390977443607	213.406015037594	0.648680986360894
PIM2	433.75	265.859756097561	0.7061983485757146
PIM2	431.57575757575756	324.07272727272726	0.41329621415992324
PIM2	344.4033613445378	236.6890756302521	0.5411061032637439
PIM2	328.85840707964604	230.08849557522123	0.5152777018153104
PIM2	319.3965517241379	217.58620689655172	0.5537616322106472
PIM2	480.8288288288288	415.0900900900901	0.21209890835236975
PIM2	295.39516129032256	205.17741935483872	0.5257742293092014
PIM2	284.85849056603774	224.56603773584905	0.3431056500657457
PIM2	477.61073825503354	361.5570469798658	0.4016119778903659
POLR2B	178.08620689655172	158.50862068965517	0.16801447611553194
POLR2B	237.4678899082569	181.58256880733944	0.38710673094682346
POLR2B	207.54545454545453	167.93333333333334	0.3055387144616815
POLR2B	311.5153846153846	172.84615384615384	0.8498149132219106
POLR2B	515.1846153846154	205.87692307692308	1.3233073857608024
POLR2B	359.8467741935484	197.86290322580646	0.8628815747369771
POLR2B	199.125	162.63690476190476	0.2920196979674929
POLR2B	200.48407643312103	149.74522292993632	0.4209776744457566
POLR2B	224.130081300813	169.65853658536585	0.4017022681972047
POLR2B	298.93142857142857	192.22285714285715	0.6370346881386736
POLR2B	182.78531073446328	158.71186440677965	0.20374015507010865
POLR2B	224.44755244755245	197.03496503496504	0.1879266967809723
POLR2B	200.18115942028984	155.68115942028984	0.3627118378979847
POLR2B	171.36893203883494	151.1747572815534	0.18088832019422857
POLR2B	190.2741935483871	180.6209677419355	0.07511452482178037
POLR2B	242.8310502283105	170.7716894977169	0.5078840823320965
POLR2B	295.76666666666665	164.95833333333334	0.8423578062357882
POLR2B	201.91463414634146	159.1219512195122	0.34361260420096773
POLR2B	196.9764705882353	151.22941176470587	0.38128455730130845
POLR2B	339.359477124183	187.3202614379085	0.8573073464355567
POLR2B	201.78362573099415	158.06432748538012	0.3522972959390178
POLR2B	212.4516129032258	157.5741935483871	0.43110301727592987
POLR2B	340.23655913978496	188.44623655913978	0.8523851865998365
POLR2B	228.3846153846154	154.53846153846155	0.5634995292533634
POLR2B	252.14285714285714	179.0924369747899	0.49353694233761997
POLR2B	216.8957055214724	161.71779141104295	0.42352308241697684
POLR2B	193.58064516129033	160.52903225806452	0.27010047678176435
POLR2B	275.4755244755245	164.9090909090909	0.7402532114117449
POLR2B	258.99159663865544	175.78991596638656	0.5590529743941931
POLR2B	195.9433962264151	165.63522012578616	0.24242747603154055
POLR2B	235.0	177.28571428571428	0.40658446849224716
POLR2B	207.29166666666666	182.32142857142858	0.1851779858896575
POLR2B	381.84134615384613	173.8028846153846	1.1355213007934148
POLR2B	184.9593023255814	172.63372093023256	0.09949356416656151
POLR2B	201.3131868131868	157.5879120879121	0.3532848016956396
POLR2B	198.1878787878788	200.94545454545454	-0.01993521382103082
POLR2B	203.35542168674698	156.2289156626506	0.3803419554853276
POLR2B	201.0	150.21511627906978	0.42016550157781385
POLR2B	408.4601226993865	187.33128834355827	1.1246033565394975
POLR2B	209.3217391304348	172.40869565217392	0.2798896101901415
POLR2B	177.1164383561644	151.84246575342465	0.22212279086178627
POLR2B	209.85889570552146	149.2638036809816	0.4915552630780362
POLR2B	248.0081300813008	172.5772357723577	0.5231452403060721
POLR2B	227.0531914893617	166.5531914893617	0.44704731644054846
POLR2B	319.006993006993	188.46153846153845	0.759317923928035
POLR2B	217.5734265734266	201.56643356643357	0.11024695327792074
POLR2B	218.49171270718233	167.34806629834253	0.3847266791619792
POLR2B	206.132183908046	177.55747126436782	0.21528370650400083
POLR2B	288.59420289855075	178.40096618357487	0.6939188915323906
POLR2B	341.9872611464968	179.38853503184714	0.9308548978692734
POLR2B	199.28402366863907	170.0828402366864	0.228588461952218
POLR2B	248.900826446281	165.91735537190084	0.5851062169180066
POLR2B	250.87261146496814	191.21656050955414	0.3917475010491957
POLR2B	238.48717948717947	186.9551282051282	0.35121966734100496
POLR2B	211.57333333333332	157.9	0.422146630676525
POLR2B	278.57894736842104	160.3233082706767	0.7971020514585853
POLR2B	205.97826086956522	171.7608695652174	0.26209068192578844
POLR2B	228.20422535211267	179.2394366197183	0.3484374073541318
POLR2B	176.77272727272728	169.93506493506493	0.05691213755641532
POLR2B	220.03125	166.10625	0.4056020795554222
POLR2B	170.28140703517587	161.6532663316583	0.07501825772095036
POLR2B	186.97122302158274	182.46043165467626	0.03523260491902566
POLR2B	197.8375	184.9	0.09757068940493727
POLR2B	239.03428571428572	154.99428571428572	0.6250025373891687
POLR2B	211.68965517241378	208.5241379310345	0.021736375580952573
POLR2B	283.8082191780822	193.97260273972603	0.5490634746041829
POLR2B	263.89814814814815	189.49074074074073	0.47785387248694444
POLR2B	179.31914893617022	187.9627659574468	-0.06791734555551951
POLR2B	301.1162790697674	203.8139534883721	0.5630678812189504
POLR2B	172.9784946236559	179.3978494623656	-0.05256990859732249
POLR2B	219.32934131736528	151.77245508982037	0.5311888425892125
POLR2B	204.45205479452054	167.35616438356163	0.28884087026799704
POLR2B	206.73891625615764	172.50738916256157	0.26115182584981644
POLR2B	380.84496124031006	206.89922480620154	0.8802755684610054
POLR2B	333.66187050359713	207.50359712230215	0.6852504846017617
POLR2B	267.02830188679246	181.74056603773585	0.5551121815697319
POLR2B	256.1354166666667	184.94270833333334	0.4698283318171851
POLR2B	271.1090909090909	176.0	0.6232980619949603
POLR2B	238.68103448275863	169.41379310344828	0.4945325960472585
POLR2B	223.248	168.48	0.40606990933268833
POLR2B	261.48	198.52666666666667	0.3973677950009123
POLR2B	230.74213836477986	169.27672955974842	0.4468978346740005
POLR2B	264.5483870967742	185.9516129032258	0.5086043603013899
POLR2B	231.5759493670886	166.50632911392404	0.47590841108307025
POLR2B	251.51020408163265	183.47619047619048	0.45502407504335335
POLR2B	233.5966386554622	196.34453781512605	0.25063205100226565
POLR2B	205.6979865771812	172.8993288590604	0.25059540357409343
POLR2B	215.8962962962963	146.07407407407408	0.563638349681245
POLR2B	396.6148148148148	211.54814814814816	0.9067525111110364
POLR2B	270.96	186.96666666666667	0.5352988096461657
POLR2B	179.94554455445544	160.25742574257427	0.16716917402402592
POLR2B	284.22330097087377	195.61650485436894	0.5389967326240079
POLR2B	356.71555555555557	196.0	0.8639204754915207
POLR2B	202.54857142857142	166.61142857142858	0.28178054520213563
POLR2B	236.14018691588785	186.08878504672896	0.343652472262856
POLR2B	218.60119047619048	161.61904761904762	0.4357040207883413
POLR2B	192.37254901960785	181.19117647058823	0.08639024390480787
POLR2B	223.6178861788618	181.15447154471545	0.30381517027909827
POLR2B	545.8623853211009	223.28899082568807	1.2896251648267523
POLR2B	200.4923076923077	176.91794871794872	0.1804664656600385
POLR2B	278.83561643835617	199.54794520547946	0.4826794292344339
POLR2B	221.27272727272728	186.020979020979	0.2503603099426942
POLR2B	287.7452229299363	197.57324840764332	0.5424043593517003
POLR2B	224.2849162011173	186.96648044692736	0.26255295297322756
POLR2B	331.29133858267716	203.31496062992127	0.7043841078340298
POLR2B	202.85142857142858	160.50285714285715	0.3378244834166924
POLR2B	287.6506849315069	177.0	0.7005685451515352
POLR2B	204.71428571428572	171.12422360248448	0.2585677864974755
POLR2B	161.0808823529412	151.2058823529412	0.09127101434503058
POLR2B	207.975	157.055	0.4051402437655999
POLR2B	227.49180327868854	176.9016393442623	0.36286714721120433
POLR2B	230.2814371257485	168.10179640718562	0.4540629789663
POLR2B	209.8858695652174	156.06521739130434	0.4274560049310429
POLR2B	362.9675675675676	196.34594594594594	0.8864428338317056
POLR2B	322.7913669064748	204.5611510791367	0.6580698102255681
POLR2B	252.57758620689654	186.47413793103448	0.43775106251067253
POLR2B	397.9520958083832	211.67664670658684	0.9107326619029125
POLR2B	235.0983606557377	163.8087431693989	0.5212521172877149
POLR2B	228.73743016759778	159.52513966480447	0.5199086678957365
POLR2B	510.5079365079365	195.7883597883598	1.3826383949461765
POLR2B	210.40625	176.4609375	0.2538287049004648
POLR2B	199.60759493670886	155.19620253164558	0.3630733584019354
POLR2B	253.71323529411765	180.5514705882353	0.49078861044568123
POLR2B	229.29661016949152	160.9915254237288	0.5102302798131093
POLR2B	196.40397350993376	152.78807947019868	0.3622921288993764
POLR2B	179.8543046357616	143.7682119205298	0.32308396751909924
POLR2B	183.96153846153845	140.47435897435898	0.3890973511933497
POLR2B	237.0082644628099	167.2479338842975	0.5029489781978213
POLR2B	213.16438356164383	154.91095890410958	0.46052719776162643
POLR2B	nan	nan	nan
POLR2B	nan	nan	nan
POLR2B	nan	nan	nan
POLR2B	nan	nan	nan
POLR2B	nan	nan	nan
POLR2B	nan	nan	nan
POLR2B	nan	nan	nan
POLR2B	nan	nan	nan
POLR2B	nan	nan	nan
POLR2B	nan	nan	nan
POLR2B	nan	nan	nan
POLR2B	nan	nan	nan
POLR2B	nan	nan	nan
POLR2B	nan	nan	nan
POLR2B	nan	nan	nan
POLR2B	nan	nan	nan
POLR2B	nan	nan	nan
POLR2B	nan	nan	nan
POLR2B	nan	nan	nan
POLR2B	nan	nan	nan
POLR2B	nan	nan	nan
POLR2B	nan	nan	nan
POLR2B	nan	nan	nan
POLR2B	nan	nan	nan
POLR2B	nan	nan	nan
POLR2B	nan	nan	nan
POLR2B	nan	nan	nan
POLR2B	nan	nan	nan
POLR2B	nan	nan	nan
POLR2B	nan	nan	nan
POLR2B	nan	nan	nan
POLR2B	nan	nan	nan
POLR2B	nan	nan	nan
POLR2B	nan	nan	nan
POLR2B	nan	nan	nan
POLR2B	nan	nan	nan
POLR2B	nan	nan	nan
POLR2B	nan	nan	nan
POLR2B	nan	nan	nan
POLR2B	nan	nan	nan
POLR2B	nan	nan	nan
POLR2B	nan	nan	nan
POLR2B	nan	nan	nan
POLR2B	nan	nan	nan
POLR2B	nan	nan	nan
POLR2B	nan	nan	nan
POLR2B	nan	nan	nan
POLR2B	nan	nan	nan
POLR2B	nan	nan	nan
POLR2B	nan	nan	nan
POLR2B	nan	nan	nan
POLR2B	nan	nan	nan
POLR2B	nan	nan	nan
POLR2B	nan	nan	nan
POLR2B	nan	nan	nan
POLR2B	nan	nan	nan
POLR2B	nan	nan	nan
POLR2B	nan	nan	nan
POLR2B	nan	nan	nan
POLR2B	nan	nan	nan
POLR2B	nan	nan	nan
POLR2B	nan	nan	nan
POLR2B	nan	nan	nan
POLR2B	nan	nan	nan
POLR2B	nan	nan	nan
POLR2B	nan	nan	nan
POLR2B	nan	nan	nan
POLR2B	nan	nan	nan
POLR2B	nan	nan	nan
POLR2B	nan	nan	nan
POLR2B	nan	nan	nan
POLR2B	nan	nan	nan
POLR2B	nan	nan	nan
POLR2B	nan	nan	nan
POLR2B	nan	nan	nan
POLR2B	nan	nan	nan
POLR2B	nan	nan	nan
POLR2B	nan	nan	nan
POLR2B	nan	nan	nan
POLR2B	nan	nan	nan
POLR2B	nan	nan	nan
POLR2B	nan	nan	nan
POLR2B	nan	nan	nan
POLR2B	nan	nan	nan
POLR2B	nan	nan	nan
POLR2B	nan	nan	nan
POLR2B	nan	nan	nan
POLR2B	nan	nan	nan
POLR2B	nan	nan	nan
POLR2B	nan	nan	nan
POLR2B	nan	nan	nan
POLR2B	nan	nan	nan
POLR2B	nan	nan	nan
POLR2B	nan	nan	nan
POLR2B	nan	nan	nan
POLR2B	nan	nan	nan
POLR2B	nan	nan	nan
POLR2B	nan	nan	nan
POLR2B	nan	nan	nan
POLR2B	nan	nan	nan
POLR2B	nan	nan	nan
POLR2B	nan	nan	nan
POLR2B	nan	nan	nan
POLR2B	nan	nan	nan
POLR2B	nan	nan	nan
POLR2B	nan	nan	nan
POLR2B	nan	nan	nan
POLR2B	nan	nan	nan
POLR2B	nan	nan	nan
POLR2B	nan	nan	nan
POLR2B	nan	nan	nan
POLR2B	nan	nan	nan
POLR2B	nan	nan	nan
POLR2B	nan	nan	nan
POLR2B	270.48214285714283	160.64285714285714	0.7516765169944445
POLR2B	214.68852459016392	179.40983606557376	0.25898609158825564
POLR2B	252.35384615384615	174.51538461538462	0.532093850511845
POLR2B	292.39864864864865	165.32432432432432	0.8226376384036106
POLR2B	272.41379310344826	178.58620689655172	0.6091790948209792
POLR2B	211.90070921985816	168.27659574468086	0.33255387871378717
POLR2B	209.0843373493976	172.31927710843374	0.27900088990411237
POLR2B	216.5241379310345	152.40689655172415	0.5065996767811004
POLR2B	253.36893203883494	178.6601941747573	0.5040213978092205
POLR2B	241.6535433070866	191.66929133858267	0.3343209374264181
POLR2B	179.05747126436782	150.39080459770116	0.25170635864186514
POLR2B	262.51552795031057	157.35403726708074	0.7383885669216645
POLR2B	218.66120218579235	149.37158469945356	0.5497915336886945
POLR2B	225.22099447513813	157.94475138121547	0.5119213216311344
POLR2B	245.2642857142857	158.5	0.6298543300407644
POLR2B	236.4385026737968	163.15508021390374	0.5352210795759776
POLR2B	328.5506329113924	184.50632911392404	0.8324454154467984
POLR2B	314.66896551724136	161.42068965517242	0.9630093947241251
POLR2B	212.96774193548387	169.67741935483872	0.3278403390428713
POLR2B	249.58333333333334	161.52777777777777	0.6277393120367236
POLR2B	225.14117647058825	157.36470588235295	0.5167179318196871
POLR2B	229.83333333333334	177.46969696969697	0.3730153461966469
POLR2B	237.50675675675674	154.56756756756758	0.6197309220157874
POLR2B	225.97196261682242	191.55140186915887	0.2384121977537262
POLR2B	365.27777777777777	194.38095238095238	0.9101071333707558
POLR2B	216.25133689839572	169.89839572192514	0.3480368219027587
POLR2B	222.19117647058823	164.13235294117646	0.43694188273183543
POLR2B	272.1333333333333	170.5037037037037	0.6745106036496954
POLR2B	253.84666666666666	167.21333333333334	0.6022674254666063
POLR2B	254.47272727272727	198.8090909090909	0.3561273176640334
POLR2B	281.04137931034484	164.35172413793103	0.7739959710843115
POLR2B	274.0416666666667	157.7797619047619	0.7964830988343421
POLR2B	243.28440366972478	194.22935779816513	0.3248825549918674
POLR2B	220.84516129032258	168.01290322580644	0.3944631885072352
POLR2B	217.8732394366197	168.3661971830986	0.3718864882985303
POLR2B	245.96153846153845	179.19230769230768	0.45692402866054216
POLR2B	265.29487179487177	160.05128205128204	0.7290625549582752
POLR2B	214.890243902439	190.1280487804878	0.1766286030210391
POLR2B	210.67248908296943	165.2052401746725	0.3507424818247479
POLR2B	239.06164383561645	179.67123287671234	0.4120232381618741
POLR2B	230.03149606299212	169.3228346456693	0.4420548632115235
POLR2B	256.35526315789474	165.6315789473684	0.6301667575257693
POLR2B	416.1075697211155	196.35059760956176	1.083524544781135
POLR2B	251.3012048192771	190.710843373494	0.3980307137259712
POLR2B	220.65822784810126	169.14556962025316	0.38354815362069167
POLR2B	217.92380952380952	193.76190476190476	0.1695388758995836
POLR2B	230.2716049382716	198.69753086419752	0.21276257678350308
POLR2B	478.34391534391534	211.02116402116403	1.1806605480616053
POLR2B	253.2754491017964	174.37125748502993	0.5385449853828921
POLR2B	206.6283783783784	175.6418918918919	0.23440142843999354
POLR2B	270.55970149253733	188.51492537313433	0.5212682220117467
POLR2B	238.70700636942675	171.77707006369425	0.4747034431882768
POLR2B	288.20175438596493	204.93859649122808	0.49188740218575366
POLR2B	303.5175438596491	191.02631578947367	0.668008511605391
POLR2B	236.59872611464968	174.828025477707	0.4365058341066642
POLR2B	284.9665271966527	188.64853556485355	0.5950915661726182
POLR2B	253.125	193.86875	0.38476973091712263
POLR2B	228.64028776978418	175.02158273381295	0.38554679881059684
POLR2B	243.76296296296297	196.82222222222222	0.30858582392030676
POLR2B	220.8535031847134	187.15286624203821	0.23887257338045784
POLR2B	292.52258064516127	193.76774193548388	0.5942195809343183
POLR2B	287.73839662447256	184.34599156118142	0.6423417045664724
POLR2B	218.9294117647059	174.9	0.3239354951209182
POLR2B	508.2922077922078	209.61688311688312	1.2779031940322534
POLR2B	253.515873015873	211.53968253968253	0.2611477567921154
POLR2B	241.53781512605042	191.05042016806723	0.3382956443254159
POLR2B	256.8674033149171	188.96132596685084	0.4429328291981146
POLR2B	179.7	169.8095238095238	0.08167303377634504
POLR2B	215.06808510638297	171.77021276595744	0.3243135771145337
POLR2B	261.7903225806452	183.04032258064515	0.5162502674114239
POLR2B	339.0921052631579	183.16666666666666	0.8885202154986768
POLR2B	198.07567567567568	171.1081081081081	0.21114359873561572
POLR2B	413.4761904761905	189.67261904761904	1.1242928282021492
POLR2B	216.70676691729324	171.77443609022558	0.33522885704693295
POLR2B	310.8512396694215	196.52892561983472	0.6614826647462533
POLR2B	275.94117647058823	178.96218487394958	0.6247059795975319
POLR2B	271.26271186440675	175.79661016949152	0.6257834947400229
POLR2B	297.01360544217687	179.08843537414967	0.7298568403723373
POLR2B	271.24087591240874	180.71532846715328	0.5858557262080646
POLR2B	365.6993006993007	200.4055944055944	0.8677350853911521
POLR2B	211.99386503067484	152.96319018404907	0.4708379972644701
POLR2B	276.91472868217056	166.51162790697674	0.7338188628722828
POLR2B	260.6254826254826	187.06563706563708	0.4784335824095728
POLR2B	182.9607843137255	170.81176470588235	0.09912711101388201
POLR2B	199.79850746268656	164.78358208955223	0.2779732965292299
POLR2B	230.01796407185628	168.70658682634732	0.447230235978899
POLR2B	194.56140350877192	158.01169590643275	0.30019419155718147
POLR2B	393.11206896551727	221.95689655172413	0.8246611205639229
POLR2B	295.4782608695652	171.3304347826087	0.7862705398147714
POLR2B	254.12328767123287	174.86301369863014	0.5393034203223743
POLR2B	382.87401574803147	184.0275590551181	1.0569479197814748
POLR2B	249.50806451612902	162.08870967741936	0.6223028434884078
POLR2B	273.088	183.44	0.5740576607329556
POLR2B	196.77464788732394	160.33802816901408	0.29542772101500187
POLR2B	276.0775510204082	189.60816326530613	0.5420525029226235
POLR2B	282.88709677419354	164.94354838709677	0.778254023776216
POLR2B	255.272	186.128	0.45574019937702637
POLR2B	227.21052631578948	180.31578947368422	0.3335039413774552
POLR2B	nan	nan	nan
POLR2B	nan	nan	nan
POLR2B	nan	nan	nan
POLR2B	nan	nan	nan
POLR2B	nan	nan	nan
POLR2B	nan	nan	nan
POLR2B	nan	nan	nan
POLR2B	nan	nan	nan
POLR2B	nan	nan	nan
POLR2B	nan	nan	nan
POLR2B	nan	nan	nan
POLR2B	nan	nan	nan
POLR2B	nan	nan	nan
POLR2B	nan	nan	nan
POLR2B	nan	nan	nan
POLR2B	nan	nan	nan
POLR2B	nan	nan	nan
POLR2B	nan	nan	nan
POLR2B	nan	nan	nan
POLR2B	nan	nan	nan
POLR2B	nan	nan	nan
POLR2B	nan	nan	nan
POLR2B	nan	nan	nan
POLR2B	nan	nan	nan
POLR2B	nan	nan	nan
POLR2B	nan	nan	nan
POLR2B	nan	nan	nan
POLR2B	nan	nan	nan
POLR2B	nan	nan	nan
POLR2B	nan	nan	nan
POLR2B	nan	nan	nan
POLR2B	nan	nan	nan
POLR2B	nan	nan	nan
POLR2B	nan	nan	nan
POLR2B	nan	nan	nan
POLR2B	nan	nan	nan
POLR2B	nan	nan	nan
POLR2B	nan	nan	nan
POLR2B	nan	nan	nan
POLR2B	nan	nan	nan
POLR2B	nan	nan	nan
POLR2B	nan	nan	nan
POLR2B	nan	nan	nan
POLR2B	nan	nan	nan
POLR2B	nan	nan	nan
POLR2B	nan	nan	nan
POLR2B	nan	nan	nan
POLR2B	nan	nan	nan
POLR2B	nan	nan	nan
POLR2B	nan	nan	nan
POLR2B	nan	nan	nan
POLR2B	nan	nan	nan
POLR2B	nan	nan	nan
POLR2B	nan	nan	nan
POLR2B	nan	nan	nan
POLR2B	nan	nan	nan
POLR2B	nan	nan	nan
POLR2B	nan	nan	nan
POLR2B	nan	nan	nan
POLR2B	nan	nan	nan
POLR2B	nan	nan	nan
POLR2B	nan	nan	nan
POLR2B	nan	nan	nan
POLR2B	nan	nan	nan
POLR2B	nan	nan	nan
POLR2B	nan	nan	nan
POLR2B	nan	nan	nan
POLR2B	nan	nan	nan
POLR2B	nan	nan	nan
POLR2B	nan	nan	nan
POLR2B	nan	nan	nan
POLR2B	nan	nan	nan
POLR2B	nan	nan	nan
POLR2B	nan	nan	nan
POLR2B	nan	nan	nan
POLR2B	nan	nan	nan
POLR2B	nan	nan	nan
POLR2B	nan	nan	nan
POLR2B	nan	nan	nan
POLR2B	nan	nan	nan
POLR2B	nan	nan	nan
POLR2B	nan	nan	nan
POLR2B	nan	nan	nan
POLR2B	nan	nan	nan
POLR2B	nan	nan	nan
POLR2B	nan	nan	nan
POLR2B	nan	nan	nan
POLR2B	nan	nan	nan
POLR2B	nan	nan	nan
POLR2B	nan	nan	nan
POLR2B	nan	nan	nan
POLR2B	nan	nan	nan
POLR2B	nan	nan	nan
POLR2B	nan	nan	nan
POLR2B	nan	nan	nan
POLR2B	nan	nan	nan
POLR2B	nan	nan	nan
POLR2B	nan	nan	nan
POLR2B	nan	nan	nan
POLR2B	nan	nan	nan
POLR2B	nan	nan	nan
POLR2B	nan	nan	nan
POLR2B	nan	nan	nan
POLR2B	nan	nan	nan
POLR2B	nan	nan	nan
POLR2B	nan	nan	nan
POLR2B	nan	nan	nan
POLR2B	nan	nan	nan
POLR2B	nan	nan	nan
POLR2B	nan	nan	nan
POLR2B	nan	nan	nan
POLR2B	nan	nan	nan
POLR2B	nan	nan	nan
POLR2B	nan	nan	nan
POLR2B	nan	nan	nan
POLR2B	nan	nan	nan
POLR2B	nan	nan	nan
POLR2B	nan	nan	nan
POLR2B	nan	nan	nan
POLR2B	nan	nan	nan
POLR2B	nan	nan	nan
POLR2B	nan	nan	nan
POLR2B	nan	nan	nan
POLR2B	nan	nan	nan
POLR2B	nan	nan	nan
POLR2B	nan	nan	nan
POLR2B	nan	nan	nan
POLR2B	nan	nan	nan
POLR2B	nan	nan	nan
POLR2B	nan	nan	nan
POLR2B	nan	nan	nan
POLR2B	nan	nan	nan
POLR2B	nan	nan	nan
POLR2B	nan	nan	nan
POLR2B	nan	nan	nan
POLR2B	nan	nan	nan
POLR2B	nan	nan	nan
POLR2B	nan	nan	nan
POLR2B	nan	nan	nan
POLR2B	nan	nan	nan
POLR2B	nan	nan	nan
POLR2B	nan	nan	nan
POLR2B	nan	nan	nan
POLR2B	nan	nan	nan
POLR2B	nan	nan	nan
SRSF1	322.85714285714283	329.8666666666667	-0.03098705412290539
SRSF1	255.85	381.9	-0.5778966866124726
SRSF1	297.6504854368932	478.71844660194176	-0.6855581516778044
SRSF1	291.55	231.54	0.33248187304810367
SRSF1	425.1559633027523	833.9082568807339	-0.9718964995861415
SRSF1	254.2537313432836	354.17910447761193	-0.4782101530976015
SRSF1	242.0487804878049	405.6422764227642	-0.7449101937228852
SRSF1	223.50442477876106	319.05309734513276	-0.5134931465471085
SRSF1	329.2754491017964	419.8562874251497	-0.3506006443453743
SRSF1	373.536231884058	602.1231884057971	-0.6888104913607427
SRSF1	330.16	630.0266666666666	-0.9322475503193506
SRSF1	424.3867924528302	670.5754716981132	-0.6600199550748621
SRSF1	352.7153846153846	590.2076923076924	-0.7427182197561403
SRSF1	222.15533980582524	373.24271844660194	-0.7485452963440483
SRSF1	314.2638888888889	270.86805555555554	0.21438624459067263
SRSF1	239.5811965811966	318.35897435897436	-0.4101397502297168
SRSF1	263.8550724637681	366.2028985507246	-0.4728974915378868
SRSF1	420.98473282442745	739.2977099236641	-0.812387530056163
SRSF1	382.3647798742138	566.9559748427673	-0.5682870707471979
SRSF1	324.8346456692913	261.8267716535433	0.3110928936237841
SRSF1	339.0496894409938	592.2981366459627	-0.8048268243734147
SRSF1	282.3404255319149	432.1648936170213	-0.6141461725969297
SRSF1	327.3790322580645	404.7016129032258	-0.30589667470096793
SRSF1	241.44166666666666	384.51666666666665	-0.6713714624729149
SRSF1	201.95348837209303	289.69767441860466	-0.5205250371161354
SRSF1	402.85820895522386	719.4477611940298	-0.8366177839606839
SRSF1	303.3483870967742	562.9935483870968	-0.8921427492839054
SRSF1	437.7867647058824	540.7132352941177	-0.30463533117144775
SRSF1	247.0438596491228	300.140350877193	-0.2808700903333953
SRSF1	333.2916666666667	356.5763888888889	-0.09742593041861625
SRSF1	272.11811023622045	266.59842519685037	0.029564716833193328
SRSF1	329.7477477477477	436.5045045045045	-0.4046337362360654
SRSF1	292.61739130434785	585.7478260869565	-1.0012641781760228
SRSF1	257.8688524590164	287.9344262295082	-0.1591027688234923
SRSF1	334.95762711864404	381.89830508474574	-0.18920991410645285
SRSF1	220.38888888888889	324.6984126984127	-0.5590488410387643
SRSF1	231.01739130434783	316.8434782608696	-0.455768856382908
SRSF1	334.3206106870229	254.29007633587787	0.39475713708822663
SRSF1	323.41322314049586	308.05785123966945	0.07017736133896896
SRSF1	298.65346534653463	250.9009900990099	0.25135429792297004
SRSF1	417.2121212121212	787.9318181818181	-0.9172897219690894
SRSF1	256.0948275862069	336.12931034482756	-0.39233823583341854
SRSF1	325.54658385093165	560.4906832298136	-0.7838263924391167
SRSF1	251.27358490566039	338.9339622641509	-0.4317451905996299
SRSF1	416.07042253521126	608.4647887323944	-0.5483460437500158
SRSF1	318.2469879518072	383.355421686747	-0.26853572380778407
SRSF1	342.79487179487177	356.3525641025641	-0.05595977826568538
SRSF1	399.78735632183907	361.08620689655174	0.14688953417363737
SRSF1	279.22935779816515	335.44954128440367	-0.26464513832272846
SRSF1	282.4056603773585	364.50943396226415	-0.36818714834399546
SRSF1	332.91358024691357	356.51234567901236	-0.09880431442206918
SRSF1	339.0328947368421	414.0921052631579	-0.2885264398042301
SRSF1	387.74285714285713	300.33142857142855	0.3685447492190344
SRSF1	257.52830188679246	443.6509433962264	-0.7846940457554077
SRSF1	253.71317829457365	360.8992248062016	-0.5083975870149109
SRSF1	402.712	678.432	-0.7524557576416565
SRSF1	335.38461538461536	378.1	-0.17295133757667566
SRSF1	267.7723577235772	335.1707317073171	-0.32388913510119194
SRSF1	360.85714285714283	279.4782608695652	0.3686917441118674
SRSF1	360.8930817610063	330.0817610062893	0.12874806413818918
SRSF1	439.43333333333334	1112.6	-1.3402187956602938
SRSF1	263.618320610687	369.1297709923664	-0.48567746185962124
SRSF1	269.6929133858268	263.1023622047244	0.03569341147247685
SRSF1	459.3125	476.734375	-0.05370960844668508
SRSF1	368.9177215189873	372.9240506329114	-0.015582749729876257
SRSF1	273.9	291.26	-0.08865831746694554
SRSF1	358.64084507042253	367.26056338028167	-0.03426418313660647
SRSF1	338.80689655172415	752.8482758620689	-1.1518959012182197
SRSF1	309.2068965517241	461.6896551724138	-0.5783509095737606
SRSF1	352.59712230215825	280.1151079136691	0.33200090346674377
SRSF1	318.4516129032258	399.8494623655914	-0.32838276907200714
SRSF1	318.9611650485437	277.09708737864077	0.2029892336441697
SRSF1	391.76258992805754	384.3884892086331	0.027414504582734162
SRSF1	304.8848920863309	421.37410071942446	-0.46683698079216046
SRSF1	313.30817610062894	298.1509433962264	0.07153951713608862
SRSF1	331.35114503816794	274.3587786259542	0.2722971666001596
SRSF1	351.9281045751634	734.8562091503268	-1.0621812517503981
SRSF1	261.431654676259	246.9496402877698	0.08221696890159895
SRSF1	281.0366972477064	464.20183486238534	-0.7239936980969209
SRSF1	352.6714285714286	440.12142857142857	-0.3195769136088022
SRSF1	269.4032258064516	304.2016129032258	-0.17526067679107807
SRSF1	354.8970588235294	371.7720588235294	-0.06701772782668662
SRSF1	234.80392156862746	445.578431372549	-0.9242228956435735
SRSF1	348.8837209302326	288.0077519379845	0.2766386389339086
SRSF1	338.7309941520468	544.8654970760234	-0.6857601363521282
SRSF1	274.49152542372883	276.4237288135593	-0.010119856573349191
SRSF1	339.6617647058824	531.2058823529412	-0.6451722975720514
SRSF1	268.07086614173227	518.0472440944882	-0.9504692364549538
SRSF1	256.22131147540983	434.0081967213115	-0.7603318114685205
SRSF1	394.890625	800.8515625	-1.0200817469528003
SRSF1	338.25925925925924	282.3851851851852	0.26046502373552877
SRSF1	313.56310679611653	354.4660194174757	-0.1768915065201538
SRSF1	284.32835820895525	337.55970149253733	-0.24758468566158529
SRSF1	387.359477124183	367.2156862745098	0.07704534966822245
SRSF1	296.6517857142857	600.375	-1.017093436244118
SRSF1	300.10377358490564	368.08490566037733	-0.29457712935200414
SRSF1	400.44117647058823	671.5514705882352	-0.7459076473269104
SRSF1	295.0761904761905	364.51428571428573	-0.3048878412056428
SRSF1	301.09565217391304	588.0347826086957	-0.9656796181858728
SRSF1	283.37931034482756	299.12068965517244	-0.07799327233698879
SRSF1	248.52678571428572	194.20535714285714	0.3558183529607022
SRSF1	351.51824817518246	291.02919708029196	0.27243568841013155
SRSF1	381.5289855072464	660.6304347826087	-0.7920507695045762
SRSF1	279.29411764705884	381.22222222222223	-0.44884703072377485
SRSF1	384.22727272727275	754.512987012987	-0.9735858071079078
SRSF1	262.1284403669725	206.60550458715596	0.34339519902389837
SRSF1	404.1223404255319	554.4893617021277	-0.4563676736120979
SRSF1	393.6686046511628	634.6162790697674	-0.6889028683624038
SRSF1	250.15671641791045	294.43283582089555	-0.23510638546575413
SRSF1	483.3333333333333	704.6837606837607	-0.543957473388484
SRSF1	316.3173076923077	346.61538461538464	-0.13196319346296262
SRSF1	321.2875	500.71875	-0.6401356273791181
SRSF1	255.1869918699187	465.9512195121951	-0.8686241371229302
SRSF1	273.28688524590166	430.08196721311475	-0.6541954141085449
SRSF1	287.04464285714283	297.70535714285717	-0.052610052092883164
SRSF1	308.76190476190476	580.4857142857143	-0.9107657999359878
SRSF1	248.09649122807016	266.0701754385965	-0.10090547197110696
SRSF1	314.2212389380531	371.3185840707965	-0.24087682322552914
SRSF1	277.86046511627904	437.86821705426354	-0.6561361568109081
SRSF1	269.8712121212121	328.5151515151515	-0.28368882201639506
SRSF1	275.9183673469388	458.421768707483	-0.7324340565461246
SRSF1	301.6637168141593	491.3628318584071	-0.7038475481082328
SRSF1	350.6595744680851	544.0425531914893	-0.6336483785395242
SRSF1	363.91011235955057	631.5505617977528	-0.7953160990343634
SRSF1	388.00757575757575	579.6287878787879	-0.579044428682133
SRSF1	425.77777777777777	580.3611111111111	-0.4468501958868208
SRSF1	442.943661971831	732.4718309859155	-0.7256500642102537
SRSF1	421.4313725490196	858.0326797385621	-1.0257348799697914
SRSF1	407.97058823529414	684.0441176470588	-0.7456242272556236
SRSF1	300.8728813559322	380.1101694915254	-0.3372635459008096
SRSF1	401.86821705426354	490.6666666666667	-0.288020783490091
SRSF1	474.495867768595	693.1735537190083	-0.5468210898379127
SRSF1	318.3671875	402.78125	-0.3393048733018959
SRSF1	317.4375	440.02777777777777	-0.4711220312653862
SRSF1	340.6371681415929	498.01769911504425	-0.5479611541000342
SRSF1	485.01666666666665	780.25	-0.6859021285473704
SRSF1	324.0495049504951	385.5940594059406	-0.2508685950285104
SRSF1	438.5327868852459	1059.0901639344263	-1.2720688012274253
SRSF1	431.55970149253733	573.4776119402985	-0.4101770117504621
SRSF1	487.58015267175574	835.5801526717557	-0.7771388237014469
SRSF1	454.1951219512195	528.430894308943	-0.21840260351000831
SRSF1	367.3643410852713	509.94573643410854	-0.47313214207101556
SRSF1	468.8333333333333	822.6083333333333	-0.8111305401395562
SRSF1	299.6260162601626	540.439024390244	-0.8509689563729101
SRSF1	560.3014705882352	881.2058823529412	-0.6532758464329742
SRSF1	366.7083333333333	540.575	-0.5598617418029469
SRSF1	289.7163120567376	425.8581560283688	-0.5557320647727523
SRSF1	593.5700934579439	892.4859813084112	-0.5884111034548922
SRSF1	407.88321167883214	676.9124087591241	-0.7308130361879683
SRSF1	408.9509202453988	756.5276073619632	-0.8874650202889482
SRSF1	394.1025641025641	497.1111111111111	-0.3349972139009212
SRSF1	318.378640776699	431.9514563106796	-0.44012563579961167
SRSF1	423.45454545454544	792.3706293706293	-0.9039682893570713
SRSF1	314.6909090909091	441.6909090909091	-0.48910163692426456
SRSF1	371.04587155963304	461.9908256880734	-0.316266647593241
SRSF1	355.77037037037036	368.1703703703704	-0.049427162477769813
SRSF1	334.0810810810811	511.9099099099099	-0.6156916497325469
SRSF1	251.1875	281.3359375	-0.16352918019605373
SRSF1	571.1525423728814	815.6186440677966	-0.5140186446209719
SRSF1	243.04273504273505	270.017094017094	-0.15184073291921776
SRSF1	331.97196261682245	426.25233644859816	-0.3606463412056824
SRSF1	351.0210526315789	449.85263157894735	-0.35789490317807426
SRSF1	254.6	492.4	-0.9515983425830993
SRSF1	324.8738738738739	395.4234234234234	-0.28351860570308524
SRSF1	361.859649122807	329.6666666666667	0.13442222185999897
SRSF1	463.97744360902254	756.9699248120301	-0.7061813115610944
SRSF1	464.7328244274809	900.6488549618321	-0.9545631905382689
SRSF1	325.68595041322317	547.7438016528926	-0.7500197681150484
SRSF1	394.92972972972973	686.4702702702702	-0.7976012654813135
SRSF1	217.30232558139534	270.8217054263566	-0.31763975617908163
SRSF1	480.89864864864865	592.4256756756756	-0.3009012960876803
SRSF1	429.593984962406	723.578947368421	-0.7521766398438356
SRSF1	520.3151515151516	646.0181818181818	-0.31218905029683924
SRSF1	359.7787610619469	411.30973451327435	-0.19311519465467517
SRSF1	261.2542372881356	509.4406779661017	-0.9634597244555615
SRSF1	373.68224299065423	387.70093457943926	-0.05313220289685095
SRSF1	372.3333333333333	700.4318181818181	-0.9116498418915117
SRSF1	284.04716981132077	348.60377358490564	-0.29545765818214775
SRSF1	279.90076335877865	453.03053435114504	-0.694692869987655
SRSF1	443.0451612903226	673.9612903225807	-0.6052119653681038
SRSF1	369.27272727272725	488.0272727272727	-0.40227505716829853
SRSF1	333.6641791044776	334.6044776119403	-0.004059938694705773
SRSF1	319.27131782945736	452.2325581395349	-0.5022819092925811
SRSF1	474.7481481481482	727.0222222222222	-0.6148370894965679
SRSF1	319.0211267605634	772.1830985915493	-1.275291009406225
SRSF1	498.84343434343435	400.22222222222223	0.3177858115364485
SRSF1	349.2543859649123	598.1052631578947	-0.7761211797413687
SRSF1	606.2321428571429	880.25	-0.5380429752264233
SRSF1	300.712	414.104	-0.4616106981301798
SRSF1	332.0086956521739	559.8347826086956	-0.7537800967813038
SRSF1	186.745	230.365	-0.3028519246052381
SRSF1	337.5692307692308	504.61538461538464	-0.580000782330284
SRSF1	380.7102803738318	520.6355140186915	-0.45158019767603924
SRSF1	475.32894736842104	637.4144736842105	-0.4233055146243382
SRSF1	338.95238095238096	513.8571428571429	-0.6002847273467505
SRSF1	362.59183673469386	436.5374149659864	-0.2677588652603885
SRSF1	345.5	570.9109589041096	-0.7245800451945404
SRSF1	385.10833333333335	506.025	-0.39394432070437807
SRSF1	311.7901234567901	481.75308641975306	-0.6277186807226176
SRSF1	404.9212598425197	488.2755905511811	-0.2700542660690638
SRSF1	519.1848739495798	713.7310924369748	-0.4591322701763914
SRSF1	294.46994535519127	477.6120218579235	-0.6977187557837979
SRSF1	367.4970760233918	410.9298245614035	-0.16115927131928048
SRSF1	480.03846153846155	650.0096153846154	-0.43731105785907587
SRSF1	366.4246575342466	429.8904109589041	-0.2304523413658824
SRSF1	351.18518518518516	510.1574074074074	-0.5387104688417845
SRSF1	292.963503649635	404.3284671532847	-0.4648068315550149
SRSF1	210.1451612903226	281.008064516129	-0.4192252962422773
SRSF1	402.02	721.5866666666667	-0.8439054055192304
SRSF1	351.03821656050957	447.94267515923565	-0.35168601590249154
SRSF1	319.4076923076923	339.4	-0.08758750723309945
SRSF1	401.4166666666667	426.4102564102564	-0.08714162144656186
SRSF1	212.14953271028037	285.89719626168227	-0.4304149709183446
SRSF1	383.4563758389262	761.9731543624162	-0.9906777120271059
SRSF1	501.85046728971963	1040.1869158878505	-1.05151333201604
SRSF1	455.38461538461536	706.8376068376068	-0.6342932469873751
SRSF1	342.85714285714283	379.5816326530612	-0.14680260568324158
SRSF1	364.09929078014187	495.7517730496454	-0.44528600164728993
SRSF1	303.4468085106383	332.34751773049646	-0.13124893138340857
SRSF1	237.77702702702703	374.55405405405406	-0.6555646023920662
SRSF1	332.56666666666666	572.7	-0.7841360296804304
SRSF1	290.62698412698415	390.984126984127	-0.42794137826725676
SRSF1	391.23275862068965	396.6034482758621	-0.01967004636789725
SRSF1	236.82962962962964	363.10370370370373	-0.6165320588133805
SRSF1	481.90551181102364	801.7795275590552	-0.7344552784923069
SRSF1	407.5390070921986	591.9219858156029	-0.5384688922147136
SRSF1	389.2340425531915	409.5390070921986	-0.07336297555692144
SRSF1	287.05309734513276	276.86725663716817	0.05212317733205376
SRSF1	311.0817610062893	437.6666666666667	-0.49253869950782964
SRSF1	277.024	301.016	-0.11982920334734136
SRSF1	277.1904761904762	408.73333333333335	-0.560282214231093
SRSF1	258.16153846153844	357.2923076923077	-0.46883077341070833
SRSF1	325.73793103448276	413.0344827586207	-0.34255050580535334
SRSF1	249.20535714285714	356.51785714285717	-0.516639257520545
SRSF1	nan	nan	nan
SRSF1	nan	nan	nan
SRSF1	nan	nan	nan
SRSF1	nan	nan	nan
SRSF1	nan	nan	nan
SRSF1	nan	nan	nan
SRSF1	nan	nan	nan
SRSF1	nan	nan	nan
SRSF1	nan	nan	nan
SRSF1	303.31451612903226	286.16129032258067	0.08398601592324105
SRSF1	244.67375886524823	297.73758865248226	-0.2831819884303762
SRSF1	371.85	391.475	-0.07419940630884447
SRSF1	360.83687943262413	627.4113475177305	-0.798064825186065
SRSF1	418.55555555555554	621.6074074074074	-0.5705845690459278
SRSF1	367.0916030534351	387.1603053435114	-0.07679092974513631
SRSF1	325.1640625	248.8671875	0.3857917907168176
SRSF1	271.618320610687	374.4503816793893	-0.463193767806445
SRSF1	249.57037037037037	330.9037037037037	-0.4069647754448225
SRSF1	368.51612903225805	620.0645161290323	-0.7506905681756052
SRSF1	333.22758620689655	429.0689655172414	-0.36470171599330276
SRSF1	510.728813559322	745.5536723163842	-0.5457547624563568
SRSF1	254.65833333333333	364.80833333333334	-0.5185757572673307
SRSF1	232.82442748091603	333.6412213740458	-0.5190551138590223
SRSF1	219.86290322580646	288.73387096774195	-0.3931361547020806
SRSF1	305.1297709923664	288.89312977099235	0.07888705281068846
SRSF1	406.07801418439715	601.8368794326241	-0.5676155958243236
SRSF1	215.36036036036037	397.84684684684686	-0.8854604357852361
SRSF1	328.67605633802816	312.51408450704224	0.07274515043422404
SRSF1	329.15337423312883	512.9018404907976	-0.6399227610160618
SRSF1	466.1275167785235	629.006711409396	-0.4323507289177804
SRSF1	269.5267175572519	381.0458015267176	-0.49953612833537103
SRSF1	444.4552845528455	914.7154471544716	-1.0412847339252886
SRSF1	247.31404958677686	332.77685950413223	-0.4282109157832045
SRSF1	307.9836065573771	472.172131147541	-0.6164593316238062
SRSF1	267.8625	365.78125	-0.44948850217409086
SRSF1	377.5422535211268	361.46478873239437	0.06278299887566323
SRSF1	384.3448275862069	586.0574712643678	-0.6086408951620562
SRSF1	253.008547008547	411.6923076923077	-0.7023803705785185
SRSF1	342.4415584415584	537.1298701298701	-0.6494131561892463
SRSF1	309.2142857142857	484.5879120879121	-0.648151444227373
SRSF1	324.5028571428571	499.22285714285715	-0.6214528094089019
SRSF1	267.702479338843	288.5702479338843	-0.1082920626431045
SRSF1	230.03937007874015	369.68503937007875	-0.6844158685960985
SRSF1	261.80689655172415	425.4344827586207	-0.7004338714119164
SRSF1	375.25531914893617	424.86170212765956	-0.17912078030685638
SRSF1	332.0181818181818	550.0969696969697	-0.7284237077737183
SRSF1	252.5655737704918	318.37704918032784	-0.3340783358080126
SRSF1	378.52247191011236	483.9157303370786	-0.3543768848711042
SRSF1	288.7328244274809	457.21374045801525	-0.663133632064034
SRSF1	294.3021978021978	329.46153846153845	-0.16281173783863617
SRSF1	397.36805555555554	722.2847222222222	-0.8620917558949686
SRSF1	309.6981132075472	679.1572327044025	-1.1328830199986695
SRSF1	408.98591549295776	789.8661971830986	-0.9495571213719934
SRSF1	392.9078947368421	581.7697368421053	-0.5662570943427604
SRSF1	372.7068965517241	518.9425287356322	-0.47753325858139867
SRSF1	432.448	651.536	-0.5913182303886306
SRSF1	343.3888888888889	441.3125	-0.3619572531634345
SRSF1	313.36986301369865	555.4931506849315	-0.8259026815261229
SRSF1	367.5913043478261	485.82608695652175	-0.4023373201412909
SRSF1	356.57272727272726	669.3363636363637	-0.9085350334270742
SRSF1	284.25714285714287	493.09285714285716	-0.7946627525260447
SRSF1	404.63235294117646	775.8676470588235	-0.9391988911778072
SRSF1	381.8627450980392	633.0065359477125	-0.7291662198204283
SRSF1	329.20472440944883	523.2598425196851	-0.6685425038440341
SRSF1	211.80625	177.4125	0.25563749957712156
SRSF1	312.36296296296297	440.10370370370373	-0.4946201102915585
SRSF1	413.78169014084506	729.3591549295775	-0.8177596018322053
SRSF1	285.8333333333333	392.025	-0.455771489454668
SRSF1	385.74251497005986	493.92814371257487	-0.35666301220176927
SRSF1	345.90140845070425	506.8521126760563	-0.5512039765923344
SRSF1	393.006993006993	674.034965034965	-0.7782684485790741
SRSF1	325.85714285714283	557.4761904761905	-0.7746705700994146
SRSF1	309.3709677419355	470.81182795698925	-0.6058127483948343
SRSF1	415.11464968152865	854.2101910828026	-1.0410812634942113
SRSF1	236.0222222222222	421.89444444444445	-0.8379593899223631
SRSF1	306.8636363636364	458.73636363636365	-0.5800675779641379
SRSF1	235.92660550458714	303.11009174311926	-0.361503765144156
SRSF1	306.33516483516485	487.4230769230769	-0.6700635703782505
SRSF1	298.425	346.93333333333334	-0.21729006158174546
SRSF1	393.38216560509557	727.3248407643312	-0.8866682973763088
SRSF1	332.80882352941177	451.4852941176471	-0.439985313519675
SRSF1	339.4508670520231	510.59537572254334	-0.5889777014620692
SRSF1	339.4927536231884	469.8695652173913	-0.4688795424401865
SRSF1	445.81081081081084	522.6959459459459	-0.2295403676827799
SRSF1	369.432	481.376	-0.3818553778516591
SRSF1	430.3414634146341	577.0162601626016	-0.42313012350136564
SRSF1	354.4021164021164	637.2910052910053	-0.8465650793947714
SRSF1	351.13235294117646	594.3529411764706	-0.7593049621165443
SRSF1	334.7787610619469	606.1061946902655	-0.8563625838964819
SRSF1	296.83898305084745	373.1186440677966	-0.3299538812429844
SRSF1	398.13953488372096	558.3255813953489	-0.487832522309779
SRSF1	282.3070866141732	355.1732283464567	-0.3312574962353348
SRSF1	292.23214285714283	401.23214285714283	-0.4573223153196327
SRSF1	371.3307086614173	430.4251968503937	-0.21305790542975364
SRSF1	282.9469696969697	454.0	-0.6821606109757525
SRSF1	354.53793103448277	485.5103448275862	-0.45356204996777755
SRSF1	325.62831858407077	473.83185840707966	-0.5411490319806506
SRSF1	366.3121693121693	550.1164021164021	-0.5866632887818443
SRSF1	256.0314960629921	389.12598425196853	-0.6039160246031288
SRSF1	277.0	349.80555555555554	-0.3366672258175856
SRSF1	302.3333333333333	450.1063829787234	-0.5741259737587091
SRSF1	383.86290322580646	500.8709677419355	-0.3838478464135945
SRSF1	309.875	529.4	-0.7726718285213138
SRSF1	408.7471264367816	615.9885057471264	-0.5916948424489358
SRSF1	271.05263157894734	255.01973684210526	0.0879641072737721
SRSF1	489.61006289308176	565.2452830188679	-0.20724383785115272
SRSF1	296.03125	443.2578125	-0.5823965797431156
SRSF1	414.41269841269843	639.0079365079365	-0.6247656389328575
SRSF1	282.2	465.37391304347824	-0.7216723534964541
SRSF1	431.8692810457516	695.7647058823529	-0.6880047961073877
SRSF1	396.1111111111111	707.0166666666667	-0.8358390543036827
SRSF1	232.66666666666666	492.42	-1.08162482341739
SRSF1	293.1007751937984	458.1860465116279	-0.6445367401449291
SRSF1	281.6222222222222	415.89629629629627	-0.5624626588077973
SRSF1	320.09322033898303	463.06779661016947	-0.5327313098242284
SRSF1	261.0382513661202	363.11475409836066	-0.4761643226922714
SRSF1	468.64285714285717	663.3642857142858	-0.5013124482917221
SRSF1	308.5175438596491	474.0175438596491	-0.619587925081309
SRSF1	310.5546875	508.734375	-0.7120652359526412
SRSF1	284.0344827586207	510.9655172413793	-0.8471598449855776
SRSF1	264.3534482758621	435.4568965517241	-0.7200617759339725
SRSF1	270.4770642201835	557.4036697247707	-1.043216238304297
SRSF1	287.2307692307692	461.22222222222223	-0.6832517210761857
SRSF1	276.6	441.9913043478261	-0.676216830101889
SRSF1	409.5297619047619	477.4940476190476	-0.22151444762930803
SRSF1	358.6666666666667	377.0689655172414	-0.07218474297241548
SRSF1	316.8125	499.515625	-0.6569005478464819
SRSF1	290.9453125	436.71875	-0.5859564702235579
SRSF1	289.6386554621849	482.85714285714283	-0.737342260555593
SRSF1	440.51875	612.75	-0.47609515255408447
SRSF1	365.0	530.1046511627907	-0.5383807349467513
SRSF1	524.0514705882352	968.3161764705883	-0.8857696805804353
SRSF1	429.2352941176471	664.6588235294117	-0.6308452724502296
SRSF1	498.12307692307695	774.8076923076923	-0.6373360277412917
SRSF1	394.61309523809524	608.6845238095239	-0.6252558521446023
SRSF1	258.88524590163934	214.61475409836066	0.2705634868078594
SRSF1	269.66101694915255	414.6864406779661	-0.6208738990220039
SRSF1	301.36206896551727	366.7241379310345	-0.2831973848622181
SRSF1	445.7361963190184	548.9693251533743	-0.30053541701580827
SRSF1	351.8787878787879	541.75	-0.6225487008254653
SRSF1	277.5625	285.2265625	-0.03929567674848444
SRSF1	299.34558823529414	407.3602941176471	-0.444493358078098
SRSF1	418.9006211180124	603.5155279503106	-0.5267828674575056
SRSF1	289.0743243243243	509.44594594594594	-0.8174886054974408
SRSF1	409.0330578512397	717.0247933884298	-0.809805559725308
SRSF1	369.53246753246754	459.5974025974026	-0.31466951792737907
SRSF1	285.70338983050846	490.96610169491527	-0.7811052646705726
SRSF1	323.7153846153846	416.9076923076923	-0.3650020599196112
SRSF1	325.0921985815603	252.75177304964538	0.363127722641331
SRSF1	515.952380952381	656.2244897959183	-0.3469515147086461
SRSF1	491.8321167883212	619.1824817518249	-0.3321987081060593
SRSF1	330.81617647058823	484.86764705882354	-0.5515612105796979
SRSF1	444.630303030303	604.260606060606	-0.4425646144146526
SRSF1	388.6686390532544	607.4674556213017	-0.6442664160369169
SRSF1	244.859649122807	393.62280701754383	-0.684858765637895
SRSF1	444.18125	803.76875	-0.855631993044232
SRSF1	493.70454545454544	619.5568181818181	-0.32758866700551864
SRSF1	283.9548872180451	369.8421052631579	-0.3812477374466273
SRSF1	407.12605042016804	509.57142857142856	-0.3238088517314198
SRSF1	330.53846153846155	415.06293706293707	-0.32851195875613254
SRSF1	450.3157894736842	607.6081871345029	-0.4322042454238245
SRSF1	268.2096774193548	298.6290322580645	-0.15499313605086154
SRSF1	274.7155172413793	371.0689655172414	-0.43374894277098014
SRSF1	361.4026845637584	443.0	-0.2936994759412664
SRSF1	303.4778761061947	418.646017699115	-0.46413955564230325
SRSF1	417.95882352941175	742.7	-0.8294187604444551
SRSF1	423.6521739130435	508.57971014492756	-0.26359363459126894
SRSF1	388.2857142857143	304.98639455782313	0.3483737434456531
SRSF1	497.08496732026146	654.4640522875817	-0.3968214770801211
SRSF1	557.4297520661157	727.0826446280992	-0.38332935253202144
SRSF1	407.87116564417175	525.5030674846626	-0.36558566581154034
SRSF1	398.9266666666667	411.7733333333333	-0.04572683817968001
SRSF1	476.57142857142856	434.2142857142857	0.13428526999802226
SRSF1	331.04545454545456	373.75454545454545	-0.1750618035041424
SRSF1	340.76973684210526	547.5723684210526	-0.6842524291461087
SRSF1	389.49152542372883	413.64406779661016	-0.08679795374757057
SRSF1	407.23837209302326	665.0639534883721	-0.707619572913749
SRSF1	293.5581395348837	477.0232558139535	-0.7004133430584567
SRSF1	519.9328358208955	870.9925373134329	-0.7443350878180224
SRSF1	299.76691729323306	365.406015037594	-0.2856592085382534
SRSF1	479.9251700680272	686.2585034013606	-0.5159426422449487
SRSF1	397.0287356321839	715.1149425287356	-0.8489317204853969
SRSF1	242.19736842105263	269.54605263157896	-0.15434859255640362
SRSF1	354.7886178861789	632.7154471544716	-0.8345970916178278
SRSF1	246.26490066225165	366.4039735099338	-0.5732241291488277
SRSF1	420.0	654.187969924812	-0.6393159015852483
SRSF1	434.4472049689441	464.12422360248445	-0.09533012866205462
SRSF1	272.4146341463415	441.2439024390244	-0.6957721347013778
SRSF1	375.6092715231788	580.5496688741722	-0.628186827160451
SRSF1	461.9640287769784	655.2805755395683	-0.5043322472653602
SRSF1	368.7348484848485	494.18939393939394	-0.42248027909861907
SRSF1	490.784	748.192	-0.6083203234263068
SRSF1	309.4846153846154	406.38461538461536	-0.39297809241504145
SRSF1	380.1020408163265	494.8979591836735	-0.38074432172496625
SRSF1	397.6223776223776	720.965034965035	-0.8585303419817409
SRSF1	289.85840707964604	440.14159292035396	-0.6026193810698715
SRSF1	391.0	656.5227272727273	-0.747676347159212
SRSF1	467.8582677165354	728.6850393700787	-0.6392238229143427
SRSF1	238.36607142857142	369.99107142857144	-0.6343115562959052
SRSF1	396.56060606060606	594.439393939394	-0.5839883587321479
SRSF1	294.0	381.6666666666667	-0.37649703742678586
SRSF1	402.45569620253167	525.2025316455696	-0.3840438956902331
SRSF1	445.52830188679246	641.2201257861635	-0.5253026267512183
SRSF1	441.3489932885906	756.5503355704698	-0.7775161655192401
SRSF1	318.7655172413793	543.4758620689655	-0.7697203879529407
SRSF1	271.10084033613447	451.42857142857144	-0.7356681461019013
SRSF1	455.3377483443709	575.476821192053	-0.33782075486590857
SRSF1	299.0681818181818	451.32954545454544	-0.5937067962438184
SRSF1	385.2093023255814	357.4573643410853	0.10787136791628701
SRSF1	321.4938271604938	428.25308641975306	-0.41367260648385673
SRSF1	322.0920245398773	426.29447852760734	-0.404377431310684
SRSF1	301.109375	532.046875	-0.8212657304098819
SRSF1	342.1730769230769	541.5641025641025	-0.6624058641603011
SRSF1	322.09493670886076	328.1012658227848	-0.02665517790238717
SRSF1	291.6292134831461	457.03370786516854	-0.6481653265714238
SRSF1	260.58035714285717	543.0446428571429	-1.0593424686875368
SRSF1	197.64197530864197	249.19753086419752	-0.33440039389859566
SRSF1	261.75	222.19354838709677	0.2363726099208396
SRSF1	317.5973154362416	263.89261744966444	0.2672477268324151
SRSF1	229.13368983957218	241.87700534759358	-0.07808402670325572
SRSF1	318.8639053254438	505.96449704142015	-0.6660953591763813
SRSF1	261.81451612903226	257.5725806451613	0.023566066234786357
SRSF1	270.8187134502924	251.50292397660817	0.1067522590088533
SRSF1	262.725	245.18333333333334	0.09969257563411983
SRSF1	434.34166666666664	802.3083333333333	-0.8853264241068552
SRSF1	342.7013888888889	309.0833333333333	0.14895617676869805
SRSF1	299.2848101265823	247.6772151898734	0.2730579028388789
SRSF1	207.18487394957984	319.78991596638656	-0.6262057672839764
SRSF1	358.70344827586206	271.3862068965517	0.4024442160503465
SRSF1	nan	nan	nan
SRSF1	nan	nan	nan
SRSF1	nan	nan	nan
SRSF1	nan	nan	nan
SRSF1	nan	nan	nan
SRSF1	nan	nan	nan
SRSF1	nan	nan	nan
SRSF1	nan	nan	nan
SRSF1	nan	nan	nan
SRSF1	nan	nan	nan
SRSF1	nan	nan	nan
SRSF1	nan	nan	nan
SRSF1	nan	nan	nan
SRSF1	nan	nan	nan
SRSF1	nan	nan	nan
SRSF1	nan	nan	nan
SRSF1	nan	nan	nan
SRSF1	nan	nan	nan
SRSF1	nan	nan	nan
SRSF1	nan	nan	nan
SRSF1	nan	nan	nan
SRSF1	nan	nan	nan
SRSF1	nan	nan	nan
